Sample description: 
Sample:   c= 0 mg/ml  Code: 
  1.767703e-01   4.359911e+00   5.245349e-01
  1.819169e-01   4.513281e+00   5.039585e-01
  1.870635e-01   5.257291e+00   4.916787e-01
  1.922101e-01   4.313589e+00   4.707526e-01
  1.973566e-01   5.090154e+00   4.587117e-01
  2.025032e-01   5.102221e+00   4.428794e-01
  2.076498e-01   5.428090e+00   4.368466e-01
  2.127963e-01   5.124048e+00   4.246539e-01
  2.179429e-01   4.147553e+00   4.048977e-01
  2.230895e-01   4.688161e+00   3.983704e-01
  2.282360e-01   4.774634e+00   3.903754e-01
  2.333826e-01   5.023750e+00   3.818485e-01
  2.385292e-01   5.172204e+00   3.773765e-01
  2.436758e-01   5.108369e+00   3.667032e-01
  2.488223e-01   4.821002e+00   3.574062e-01
  2.539689e-01   5.053005e+00   3.510713e-01
  2.591155e-01   4.227551e+00   3.432111e-01
  2.642620e-01   4.981191e+00   3.361053e-01
  2.694086e-01   5.333626e+00   3.317127e-01
  2.745552e-01   4.047172e+00   3.232647e-01
  2.797018e-01   4.524477e+00   3.193037e-01
  2.848483e-01   4.861941e+00   3.147078e-01
  2.899949e-01   4.655988e+00   3.142950e-01
  2.951415e-01   4.675410e+00   3.166612e-01
  3.002880e-01   4.024136e+00   3.157840e-01
  3.054346e-01   4.222466e+00   3.152633e-01
  3.105812e-01   4.635450e+00   3.156350e-01
  3.157277e-01   4.407614e+00   3.133160e-01
  3.208743e-01   4.740854e+00   3.103554e-01
  3.260209e-01   4.642352e+00   3.110357e-01
  3.311675e-01   4.734915e+00   3.090320e-01
  3.363140e-01   4.433558e+00   3.089266e-01
  3.414606e-01   5.112923e+00   3.078365e-01
  3.466072e-01   4.459409e+00   3.031815e-01
  3.517537e-01   4.136811e+00   2.996915e-01
  3.569003e-01   4.303539e+00   2.941744e-01
  3.620469e-01   4.838720e+00   2.860956e-01
  3.671934e-01   4.741781e+00   2.814207e-01
  3.723400e-01   4.129228e+00   2.788999e-01
  3.774866e-01   4.005279e+00   2.735786e-01
  3.826332e-01   4.748218e+00   2.711512e-01
  3.877797e-01   4.372750e+00   2.699694e-01
  3.929263e-01   4.671092e+00   2.652730e-01
  3.980729e-01   3.960179e+00   2.613515e-01
  4.032194e-01   4.290513e+00   2.599209e-01
  4.083660e-01   4.590520e+00   2.544642e-01
  4.135126e-01   4.047383e+00   2.525629e-01
  4.186592e-01   3.911301e+00   2.512591e-01
  4.238057e-01   4.494992e+00   2.490923e-01
  4.289523e-01   4.184494e+00   2.456448e-01
  4.340989e-01   4.558074e+00   2.457244e-01
  4.392454e-01   4.359219e+00   2.440897e-01
  4.443920e-01   4.282386e+00   2.409890e-01
  4.495386e-01   4.106805e+00   2.386137e-01
  4.546851e-01   3.831733e+00   2.350932e-01
  4.598317e-01   3.973706e+00   2.346446e-01
  4.649783e-01   3.656312e+00   2.345467e-01
  4.701249e-01   3.929332e+00   2.365638e-01
  4.752714e-01   4.143025e+00   2.379015e-01
  4.804180e-01   3.892450e+00   2.398042e-01
  4.855646e-01   4.062659e+00   2.389602e-01
  4.907111e-01   3.744600e+00   2.390481e-01
  4.958577e-01   3.905069e+00   2.392551e-01
  5.010043e-01   3.998780e+00   2.390042e-01
  5.061509e-01   4.250385e+00   2.395667e-01
  5.112974e-01   3.612004e+00   2.407141e-01
  5.164440e-01   4.052885e+00   2.382876e-01
  5.215906e-01   3.474403e+00   2.367468e-01
  5.267371e-01   3.643399e+00   2.375859e-01
  5.318837e-01   3.646036e+00   2.377616e-01
  5.370303e-01   3.417563e+00   2.288668e-01
  5.421768e-01   3.925022e+00   2.281415e-01
  5.473234e-01   3.474753e+00   2.254096e-01
  5.524700e-01   3.443620e+00   2.213402e-01
  5.576166e-01   3.582910e+00   2.217122e-01
  5.627631e-01   3.397758e+00   2.189751e-01
  5.679097e-01   3.627638e+00   2.163034e-01
  5.730563e-01   3.571741e+00   2.153741e-01
  5.782028e-01   3.643320e+00   2.146892e-01
  5.833494e-01   3.856761e+00   2.118929e-01
  5.884960e-01   3.467574e+00   2.105922e-01
  5.936426e-01   3.496338e+00   2.114841e-01
  5.987891e-01   3.422244e+00   2.069532e-01
  6.039357e-01   3.476480e+00   2.074850e-01
  6.090823e-01   3.582519e+00   2.070865e-01
  6.142288e-01   3.270626e+00   2.035549e-01
  6.193754e-01   3.445425e+00   2.027169e-01
  6.245220e-01   3.496092e+00   2.030552e-01
  6.296685e-01   3.786317e+00   2.017277e-01
  6.348151e-01   3.034245e+00   2.001413e-01
  6.399617e-01   2.830741e+00   1.992452e-01
  6.451083e-01   3.046074e+00   1.975669e-01
  6.502548e-01   2.979683e+00   1.962213e-01
  6.554014e-01   3.381125e+00   1.961974e-01
  6.605480e-01   3.302902e+00   1.959774e-01
  6.656945e-01   3.039148e+00   1.984280e-01
  6.708411e-01   3.125683e+00   2.008000e-01
  6.759877e-01   3.012199e+00   1.995310e-01
  6.811343e-01   3.164277e+00   1.999389e-01
  6.862808e-01   3.017709e+00   1.998707e-01
  6.914274e-01   3.012253e+00   1.955371e-01
  6.965740e-01   2.903595e+00   1.930861e-01
  7.017205e-01   2.713473e+00   1.923726e-01
  7.068671e-01   3.122645e+00   1.908453e-01
  7.120137e-01   2.966959e+00   1.889430e-01
  7.171602e-01   2.938731e+00   1.894608e-01
  7.223068e-01   2.341318e+00   1.861304e-01
  7.274534e-01   2.540853e+00   1.848841e-01
  7.326000e-01   2.986190e+00   1.857771e-01
  7.377465e-01   2.759628e+00   1.830628e-01
  7.428931e-01   2.754253e+00   1.816511e-01
  7.480397e-01   2.459071e+00   1.811955e-01
  7.531862e-01   2.645812e+00   1.797442e-01
  7.583328e-01   2.749519e+00   1.801516e-01
  7.634794e-01   2.573605e+00   1.804982e-01
  7.686259e-01   2.676203e+00   1.790300e-01
  7.737725e-01   2.643524e+00   1.777107e-01
  7.789191e-01   2.394628e+00   1.779072e-01
  7.840657e-01   2.609701e+00   1.756888e-01
  7.892122e-01   2.268162e+00   1.752630e-01
  7.943588e-01   2.468499e+00   1.758757e-01
  7.995054e-01   2.138246e+00   1.738512e-01
  8.046519e-01   2.556069e+00   1.739570e-01
  8.097985e-01   2.382181e+00   1.734413e-01
  8.149451e-01   2.523841e+00   1.713163e-01
  8.200917e-01   2.099900e+00   1.707781e-01
  8.252382e-01   2.133023e+00   1.707893e-01
  8.303848e-01   2.465088e+00   1.691253e-01
  8.355314e-01   2.306492e+00   1.685596e-01
  8.406779e-01   2.502306e+00   1.683561e-01
  8.458245e-01   2.058016e+00   1.670570e-01
  8.509711e-01   2.143829e+00   1.668641e-01
  8.561176e-01   2.349018e+00   1.668282e-01
  8.612642e-01   2.121889e+00   1.660467e-01
  8.664108e-01   2.425169e+00   1.657397e-01
  8.715574e-01   2.216941e+00   1.660251e-01
  8.767039e-01   2.159139e+00   1.640288e-01
  8.818505e-01   2.114792e+00   1.635937e-01
  8.869971e-01   1.954109e+00   1.627903e-01
  8.921436e-01   2.000901e+00   1.636202e-01
  8.972902e-01   2.217436e+00   1.616988e-01
  9.024368e-01   2.199760e+00   1.628781e-01
  9.075834e-01   1.917272e+00   1.613881e-01
  9.127299e-01   2.014628e+00   1.598022e-01
  9.178765e-01   1.699578e+00   1.604404e-01
  9.230231e-01   1.541261e+00   1.627914e-01
  9.281696e-01   1.734961e+00   1.613282e-01
  9.333162e-01   2.001816e+00   1.630591e-01
  9.384628e-01   1.596480e+00   1.629704e-01
  9.436093e-01   1.848132e+00   1.614233e-01
  9.487559e-01   1.908756e+00   1.633107e-01
  9.539025e-01   1.941251e+00   1.637604e-01
  9.590491e-01   1.892147e+00   1.618388e-01
  9.641956e-01   1.572197e+00   1.623995e-01
  9.693422e-01   1.678048e+00   1.628092e-01
  9.744888e-01   1.773342e+00   1.618354e-01
  9.796353e-01   1.784731e+00   1.621193e-01
  9.847819e-01   1.394000e+00   1.619378e-01
  9.899285e-01   1.864050e+00   1.616345e-01
  9.950751e-01   1.840794e+00   1.620069e-01
  1.000222e+00   1.632456e+00   1.620798e-01
  1.005368e+00   1.720688e+00   1.620845e-01
  1.010515e+00   1.490037e+00   1.633726e-01
  1.015661e+00   1.709562e+00   1.651772e-01
  1.020808e+00   1.596156e+00   1.643224e-01
  1.025954e+00   1.454088e+00   1.648025e-01
  1.031101e+00   1.302545e+00   1.650177e-01
  1.036248e+00   1.635940e+00   1.653781e-01
  1.041394e+00   1.696064e+00   1.659826e-01
  1.046541e+00   1.359512e+00   1.654130e-01
  1.051687e+00   1.578253e+00   1.650406e-01
  1.056834e+00   1.533963e+00   1.652854e-01
  1.061980e+00   1.394181e+00   1.650054e-01
  1.067127e+00   1.400020e+00   1.646115e-01
  1.072274e+00   1.632278e+00   1.639488e-01
  1.077420e+00   1.418010e+00   1.644832e-01
  1.082567e+00   1.146698e+00   1.634234e-01
  1.087713e+00   1.539688e+00   1.633697e-01
  1.092860e+00   1.499473e+00   1.636087e-01
  1.098006e+00   1.602761e+00   1.633170e-01
  1.103153e+00   1.554968e+00   1.631541e-01
  1.108300e+00   1.307322e+00   1.629254e-01
  1.113446e+00   1.436603e+00   1.648843e-01
  1.118593e+00   1.551451e+00   1.649396e-01
  1.123739e+00   1.279606e+00   1.663015e-01
  1.128886e+00   1.571501e+00   1.660875e-01
  1.134032e+00   1.190023e+00   1.647442e-01
  1.139179e+00   1.337559e+00   1.655693e-01
  1.144326e+00   9.548098e-01   1.642286e-01
  1.149472e+00   9.103485e-01   1.657213e-01
  1.154619e+00   1.269566e+00   1.649084e-01
  1.159765e+00   1.005798e+00   1.650180e-01
  1.164912e+00   1.264659e+00   1.647494e-01
  1.170058e+00   1.026095e+00   1.642934e-01
  1.175205e+00   1.379811e+00   1.637524e-01
  1.180352e+00   8.973897e-01   1.617649e-01
  1.185498e+00   1.272321e+00   1.620897e-01
  1.190645e+00   1.048303e+00   1.610022e-01
  1.195791e+00   1.203813e+00   1.601481e-01
  1.200938e+00   1.059958e+00   1.598982e-01
  1.206084e+00   8.777120e-01   1.582605e-01
  1.211231e+00   8.291767e-01   1.575510e-01
  1.216378e+00   1.284601e+00   1.586214e-01
  1.221524e+00   1.039365e+00   1.570746e-01
  1.226671e+00   8.308804e-01   1.577902e-01
  1.231817e+00   9.854031e-01   1.617221e-01
  1.236964e+00   1.014114e+00   1.606660e-01
  1.242110e+00   8.268752e-01   1.602901e-01
  1.247257e+00   7.791343e-01   1.611608e-01
  1.252404e+00   6.833876e-01   1.604588e-01
  1.257550e+00   1.205941e+00   1.619776e-01
  1.262697e+00   8.177194e-01   1.612713e-01
  1.267843e+00   7.851354e-01   1.610337e-01
  1.272990e+00   1.145734e+00   1.613763e-01
  1.278136e+00   8.975716e-01   1.629015e-01
  1.283283e+00   9.996213e-01   1.605385e-01
  1.288430e+00   7.379156e-01   1.619898e-01
  1.293576e+00   8.069552e-01   1.653484e-01
  1.298723e+00   9.935834e-01   1.658555e-01
  1.303869e+00   7.170160e-01   1.666541e-01
  1.309016e+00   7.742120e-01   1.685032e-01
  1.314162e+00   7.706084e-01   1.686551e-01
  1.319309e+00   6.010457e-01   1.698293e-01
  1.324456e+00   6.870411e-01   1.705355e-01
  1.329602e+00   1.030247e+00   1.699138e-01
  1.334749e+00   4.750859e-01   1.710151e-01
  1.339895e+00   8.076665e-01   1.713380e-01
  1.345042e+00   6.681194e-01   1.712070e-01
  1.350188e+00   9.092319e-01   1.726769e-01
  1.355335e+00   1.282121e+00   1.727535e-01
  1.360482e+00   5.517888e-01   1.685779e-01
  1.365628e+00   8.767862e-01   1.673868e-01
  1.370775e+00   6.955672e-01   1.673541e-01
  1.375921e+00   8.430197e-01   1.666952e-01
  1.381068e+00   8.233936e-01   1.651773e-01
  1.386214e+00   7.000892e-01   1.665115e-01
  1.391361e+00   6.723214e-01   1.637473e-01
  1.396508e+00   5.981081e-01   1.642617e-01
  1.401654e+00   7.563466e-01   1.645572e-01
  1.406801e+00   7.342584e-01   1.650140e-01
  1.411947e+00   4.333080e-01   1.619442e-01
  1.417094e+00   3.924265e-01   1.633419e-01
  1.422240e+00   7.045297e-01   1.623702e-01
  1.427387e+00   5.127243e-01   1.616844e-01
  1.432534e+00   2.907682e-01   1.617873e-01
  1.437680e+00   6.948369e-01   1.622905e-01
  1.442827e+00   9.535172e-01   1.609909e-01
  1.447973e+00   5.484824e-01   1.627796e-01
  1.453120e+00   6.512122e-01   1.611719e-01
  1.458266e+00   7.573664e-01   1.601918e-01
  1.463413e+00   2.878138e-01   1.604597e-01
  1.468560e+00   9.133234e-01   1.602110e-01
  1.473706e+00   6.033050e-01   1.590538e-01
  1.478853e+00   4.845580e-01   1.600651e-01
  1.483999e+00   6.237274e-01   1.594456e-01
  1.489146e+00   3.060642e-01   1.586506e-01
  1.494292e+00   3.837409e-01   1.590428e-01
  1.499439e+00   4.071452e-01   1.586135e-01
  1.504586e+00   6.260026e-01   1.580248e-01
  1.509732e+00   4.636406e-01   1.591304e-01
  1.514879e+00   5.557179e-01   1.582277e-01
  1.520025e+00   4.669098e-01   1.572472e-01
  1.525172e+00   3.166963e-01   1.586546e-01
  1.530318e+00   5.286437e-01   1.575554e-01
  1.535465e+00   4.294421e-01   1.577550e-01
  1.540612e+00   6.902359e-01   1.580379e-01
  1.545758e+00   4.627571e-01   1.571701e-01
  1.550905e+00   5.571073e-01   1.575513e-01
  1.556051e+00   6.115900e-01   1.571429e-01
  1.561198e+00   4.420224e-01   1.567549e-01
  1.566344e+00   5.642499e-01   1.564952e-01
  1.571491e+00   2.493751e-01   1.562244e-01
  1.576638e+00   5.071943e-01   1.574677e-01
  1.581784e+00   1.410220e-01   1.551470e-01
  1.586931e+00   8.977471e-02   1.553137e-01
  1.592077e+00   2.859693e-01   1.559705e-01
  1.597224e+00   6.485714e-01   1.557462e-01
  1.602370e+00   3.541887e-01   1.551621e-01
  1.607517e+00   9.959675e-02   1.555530e-01
  1.612664e+00   1.801023e-01   1.542746e-01
  1.617810e+00   2.911863e-01   1.548997e-01
  1.622957e+00   2.657416e-01   1.543667e-01
  1.628103e+00   3.861920e-01   1.539787e-01
  1.633250e+00   5.680482e-01   1.551228e-01
  1.638396e+00   1.629355e-01   1.544520e-01
  1.643543e+00   2.662869e-01   1.534283e-01
  1.648690e+00   4.620267e-01   1.540534e-01
  1.653836e+00   4.182737e-02   1.538122e-01
  1.658983e+00   3.457919e-01   1.529748e-01
  1.664129e+00   3.898283e-01   1.546964e-01
  1.669276e+00   3.729121e-01   1.540173e-01
  1.674422e+00   2.951644e-01   1.527811e-01
  1.679569e+00   2.068461e-01   1.531939e-01
  1.684716e+00   1.629642e-01   1.539030e-01
  1.689862e+00  -6.564777e-02   1.517283e-01
  1.695009e+00   4.300102e-01   1.531761e-01
  1.700155e+00   3.335215e-01   1.530334e-01
  1.705302e+00   4.222591e-01   1.523967e-01
  1.710448e+00   2.142420e-01   1.529918e-01
  1.715595e+00   4.432943e-01   1.523462e-01
  1.720741e+00   1.038439e-01   1.511005e-01
  1.725888e+00   1.436446e-01   1.517836e-01
  1.731035e+00   7.298739e-02   1.516426e-01
  1.736181e+00   3.491010e-01   1.509087e-01
  1.741328e+00   2.411059e-01   1.510395e-01
  1.746474e+00   3.973803e-01   1.520599e-01
  1.751621e+00   6.071614e-01   1.515078e-01
  1.756767e+00   6.461545e-01   1.502023e-01
  1.761914e+00   3.951026e-01   1.505904e-01
  1.767061e+00   2.177457e-01   1.487844e-01
  1.772207e+00   2.884412e-01   1.490183e-01
  1.777354e+00   2.659062e-01   1.497924e-01
  1.782500e+00   3.791603e-01   1.497456e-01
  1.787647e+00   2.345183e-01   1.487035e-01
  1.792793e+00   3.313296e-01   1.506097e-01
  1.797940e+00   3.169627e-01   1.490458e-01
  1.803087e+00   7.663641e-02   1.484152e-01
  1.808233e+00   2.358140e-01   1.490567e-01
  1.813380e+00   3.509150e-01   1.489182e-01
  1.818526e+00   3.660971e-01   1.473696e-01
  1.823673e+00   2.290261e-02   1.486691e-01
  1.828819e+00   1.975632e-01   1.480059e-01
  1.833966e+00   5.022630e-01   1.485762e-01
  1.839113e+00   2.944478e-01   1.488745e-01
  1.844259e+00   1.082061e-01   1.479957e-01
  1.849406e+00   4.221303e-01   1.469934e-01
  1.854552e+00   1.624403e-01   1.485266e-01
  1.859699e+00   1.980060e-01   1.477442e-01
  1.864845e+00   2.752820e-01   1.477915e-01
  1.869992e+00   2.582550e-01   1.485635e-01
  1.875139e+00   1.940564e-01   1.477908e-01
  1.880285e+00   2.536572e-01   1.473401e-01
  1.885432e+00   2.765053e-01   1.480031e-01
  1.890578e+00   1.839647e-01   1.469167e-01
  1.895725e+00   3.183466e-01   1.465958e-01
  1.900871e+00   1.440759e-01   1.478085e-01
  1.906018e+00   4.365191e-02   1.466198e-01
  1.911165e+00   2.429539e-01   1.466939e-01
  1.916311e+00   6.501301e-02   1.474812e-01
  1.921458e+00   1.793604e-01   1.471074e-01
  1.926604e+00   4.781462e-01   1.470602e-01
  1.931751e+00   1.430601e-01   1.473543e-01
  1.936897e+00   2.820787e-01   1.466341e-01
  1.942044e+00   9.168119e-03   1.455055e-01
  1.947191e+00   3.530340e-01   1.475812e-01
  1.952337e+00   9.556068e-02   1.464406e-01
  1.957484e+00   3.810991e-01   1.458977e-01
  1.962630e+00   2.550413e-01   1.475209e-01
  1.967777e+00   6.126171e-02   1.466240e-01
  1.972923e+00   2.534929e-01   1.461738e-01
  1.978070e+00   3.961728e-02   1.464179e-01
  1.983217e+00   1.064835e-01   1.458924e-01
  1.988363e+00  -1.637403e-02   1.455800e-01
  1.993510e+00   2.976516e-01   1.465449e-01
  1.998656e+00  -9.327924e-02   1.460650e-01
  2.003803e+00   8.606844e-02   1.456911e-01
  2.008949e+00   7.404056e-02   1.463925e-01
  2.014096e+00   9.324757e-02   1.458682e-01
  2.019243e+00   1.041101e-01   1.453869e-01
  2.024389e+00   6.527974e-02   1.455364e-01
  2.029536e+00   5.897883e-01   1.457932e-01
  2.034682e+00   3.687506e-01   1.453717e-01
  2.039829e+00   2.830643e-01   1.463701e-01
  2.044975e+00   3.053717e-01   1.457307e-01
  2.050122e+00  -5.802244e-02   1.453077e-01
  2.055269e+00   3.238730e-01   1.460684e-01
  2.060415e+00   1.763611e-01   1.455988e-01
  2.065562e+00   3.282731e-01   1.446975e-01
  2.070708e+00   7.707543e-02   1.448949e-01
  2.075855e+00   3.929752e-01   1.453131e-01
  2.081001e+00   1.290442e-01   1.443507e-01
  2.086148e+00   1.792977e-01   1.452963e-01
  2.091295e+00   1.416714e-01   1.446283e-01
  2.096441e+00   9.356933e-02   1.446486e-01
  2.101588e+00   1.735115e-01   1.444559e-01
  2.106734e+00   5.535259e-02   1.445497e-01
  2.111881e+00  -1.725206e-01   1.467746e-01
  2.117027e+00  -1.601866e-01   1.491136e-01
  2.122174e+00   2.597723e-01   1.500927e-01
  2.127321e+00   3.157074e-01   1.515578e-01
  2.132467e+00  -7.336731e-03   1.530261e-01
  2.137614e+00  -2.390820e-02   1.528975e-01
  2.142760e+00  -1.561167e-01   1.536534e-01
  2.147907e+00   3.328491e-01   1.546261e-01
  2.153053e+00   6.478678e-02   1.550692e-01
  2.158200e+00   3.164595e-01   1.559453e-01
  2.163347e+00   1.418577e-01   1.570970e-01
  2.168493e+00  -1.997291e-01   1.561642e-01
  2.173640e+00   2.330680e-01   1.567984e-01
  2.178786e+00   2.077535e-01   1.546513e-01
  2.183933e+00   2.346192e-01   1.540014e-01
  2.189079e+00   9.868331e-02   1.518538e-01
  2.194226e+00  -5.409389e-02   1.499367e-01
  2.199373e+00  -8.591103e-02   1.500993e-01
  2.204519e+00   1.586550e-03   1.498749e-01
  2.209666e+00   1.016450e-01   1.497665e-01
  2.214812e+00   1.452101e-01   1.497960e-01
  2.219959e+00  -1.097905e-01   1.475500e-01
  2.225105e+00   1.333588e-01   1.488011e-01
  2.230252e+00  -5.764246e-02   1.487461e-01
  2.235399e+00  -5.044333e-03   1.470814e-01
  2.240545e+00   1.766330e-01   1.473047e-01
  2.245692e+00  -2.133630e-02   1.473521e-01
  2.250838e+00   2.122764e-01   1.467174e-01
  2.255985e+00   1.918720e-01   1.468729e-01
  2.261131e+00  -9.237899e-02   1.473747e-01
  2.266278e+00   7.283098e-02   1.462078e-01
  2.271425e+00  -6.469324e-02   1.466153e-01
  2.276571e+00   3.014094e-01   1.469902e-01
  2.281718e+00   2.900932e-01   1.462211e-01
  2.286864e+00  -3.843895e-02   1.464160e-01
  2.292011e+00   1.190731e-01   1.465013e-01
  2.297157e+00   3.188104e-01   1.453629e-01
  2.302304e+00   2.127341e-01   1.457022e-01
  2.307451e+00   2.700857e-01   1.467238e-01
  2.312597e+00  -1.071925e-02   1.452318e-01
  2.317744e+00  -4.385416e-04   1.446927e-01
  2.322890e+00   5.268304e-02   1.458072e-01
  2.328037e+00  -4.571271e-02   1.443222e-01
  2.333183e+00   2.138353e-01   1.449803e-01
  2.338330e+00   9.768295e-03   1.454033e-01
  2.343477e+00   1.686234e-01   1.446751e-01
  2.348623e+00  -7.710608e-02   1.436869e-01
  2.353770e+00  -8.634084e-02   1.447023e-01
  2.358916e+00   7.183632e-03   1.444999e-01
  2.364063e+00  -5.408644e-02   1.433506e-01
  2.369209e+00   1.580768e-01   1.444047e-01
  2.374356e+00   2.725609e-02   1.443212e-01
  2.379503e+00   1.237504e-01   1.433216e-01
  2.384649e+00   2.256982e-01   1.447287e-01
  2.389796e+00   1.160939e-01   1.432993e-01
  2.394942e+00   1.504295e-01   1.433299e-01
  2.400089e+00   1.595961e-01   1.445611e-01
  2.405235e+00   6.402561e-02   1.434547e-01
  2.410382e+00   2.434463e-01   1.429440e-01
  2.415529e+00   2.947718e-02   1.432625e-01
  2.420675e+00   5.977143e-02   1.428396e-01
  2.425822e+00   6.272028e-02   1.423630e-01
  2.430968e+00   8.862420e-02   1.434371e-01
  2.436115e+00  -6.484936e-02   1.426097e-01
  2.441261e+00  -6.492191e-03   1.418505e-01
  2.446408e+00   2.422930e-01   1.432143e-01
  2.451555e+00   1.185541e-01   1.421949e-01
  2.456701e+00   1.332429e-01   1.414720e-01
  2.461848e+00  -2.521619e-01   1.418344e-01
  2.466994e+00   1.620642e-01   1.412579e-01
  2.472141e+00   3.251354e-02   1.406906e-01
  2.477287e+00   1.853781e-01   1.416705e-01
  2.482434e+00  -4.470536e-02   1.408303e-01
  2.487581e+00   2.621996e-01   1.403800e-01
  2.492727e+00   1.204985e-01   1.414655e-01
  2.497874e+00   3.155655e-01   1.402573e-01
  2.503020e+00  -2.693032e-02   1.395791e-01
  2.508167e+00   2.302024e-02   1.397118e-01
  2.513313e+00   2.969875e-01   1.408068e-01
  2.518460e+00   6.646390e-02   1.389429e-01
  2.523606e+00   2.172318e-01   1.409226e-01
  2.528753e+00  -1.613886e-01   1.393137e-01
  2.533900e+00   1.017984e-01   1.393330e-01
  2.539046e+00  -8.535311e-02   1.395633e-01
  2.544193e+00   2.674100e-01   1.400419e-01
  2.549339e+00   1.679016e-01   1.391329e-01
  2.554486e+00   2.078437e-02   1.400599e-01
  2.559632e+00   8.182956e-02   1.390663e-01
  2.564779e+00   5.084028e-05   1.383426e-01
  2.569926e+00   5.977669e-02   1.398434e-01
  2.575072e+00   1.097563e-01   1.424566e-01
  2.580219e+00   1.370566e-01   1.430725e-01
  2.585365e+00   1.116203e-01   1.450170e-01
  2.590512e+00   9.609939e-02   1.457546e-01
  2.595658e+00   3.020170e-01   1.458035e-01
  2.600805e+00   2.461797e-01   1.440826e-01
  2.605952e+00   1.645452e-01   1.426324e-01
  2.611098e+00   7.536802e-02   1.413034e-01
  2.616245e+00  -2.587393e-02   1.422029e-01
  2.621391e+00   1.392003e-01   1.416837e-01
  2.626538e+00   6.908165e-02   1.400996e-01
  2.631684e+00  -1.214384e-01   1.408410e-01
  2.636831e+00  -3.128389e-02   1.400919e-01
  2.641978e+00   1.006732e-01   1.395385e-01
  2.647124e+00   2.934756e-01   1.414814e-01
  2.652271e+00   2.070697e-01   1.405044e-01
  2.657417e+00   3.384154e-01   1.400518e-01
  2.662564e+00   4.429264e-01   1.410381e-01
  2.667710e+00  -1.863705e-01   1.399880e-01
  2.672857e+00   8.072591e-02   1.394652e-01
  2.678004e+00   1.990738e-01   1.401426e-01
  2.683150e+00   7.451952e-03   1.393758e-01
  2.688297e+00   1.154912e-01   1.390706e-01
  2.693443e+00   4.019112e-01   1.401000e-01
  2.698590e+00  -6.866470e-02   1.391984e-01
  2.703736e+00   3.068281e-01   1.393351e-01
  2.708883e+00   1.041707e-01   1.396556e-01
  2.714030e+00  -5.393246e-02   1.384747e-01
  2.719176e+00   6.830917e-02   1.384885e-01
  2.724323e+00   1.725681e-01   1.391272e-01
  2.729469e+00   1.664659e-01   1.386057e-01
  2.734616e+00   1.285190e-01   1.383879e-01
  2.739762e+00   1.485548e-01   1.386743e-01
  2.744909e+00   3.457310e-01   1.392369e-01
  2.750056e+00  -3.275678e-02   1.373769e-01
  2.755202e+00   2.959765e-01   1.391871e-01
  2.760349e+00   2.706812e-02   1.377565e-01
  2.765495e+00   2.875224e-01   1.377757e-01
  2.770642e+00   4.089910e-01   1.384805e-01
  2.775788e+00   3.449240e-01   1.383760e-01
  2.780935e+00   2.101797e-01   1.371895e-01
  2.786082e+00   2.676722e-01   1.383746e-01
  2.791228e+00   1.733104e-01   1.380018e-01
  2.796375e+00   3.452177e-02   1.375870e-01
  2.801521e+00   5.642666e-02   1.375357e-01
  2.806668e+00   2.850568e-01   1.371369e-01
  2.811814e+00  -1.319424e-01   1.362729e-01
  2.816961e+00   2.853043e-01   1.395979e-01
  2.822108e+00  -1.363883e-02   1.400715e-01
  2.827254e+00  -9.380843e-02   1.403449e-01
  2.832401e+00   1.061741e-01   1.411245e-01
  2.837547e+00   1.027259e-01   1.419072e-01
  2.842694e+00   1.085440e-01   1.413291e-01
  2.847840e+00   2.457898e-01   1.415857e-01
  2.852987e+00   1.804872e-01   1.417644e-01
  2.858134e+00   3.009530e-01   1.407030e-01
  2.863280e+00  -4.606088e-02   1.410700e-01
  2.868427e+00   6.837587e-02   1.411591e-01
  2.873573e+00  -5.124499e-02   1.404282e-01
  2.878720e+00   1.828642e-01   1.411908e-01
  2.883866e+00   4.776863e-02   1.409525e-01
  2.889013e+00  -1.428974e-01   1.398121e-01
  2.894160e+00   2.094185e-01   1.403339e-01
  2.899306e+00   2.288993e-01   1.403136e-01
  2.904453e+00   2.163941e-01   1.393284e-01
  2.909599e+00   8.076251e-04   1.400384e-01
  2.914746e+00   1.420128e-01   1.407954e-01
  2.919892e+00   3.940742e-03   1.393571e-01
  2.925039e+00   1.794342e-01   1.408249e-01
  2.930186e+00   3.021181e-01   1.427676e-01
  2.935332e+00   2.336365e-01   1.446163e-01
  2.940479e+00   2.799074e-01   1.471158e-01
  2.945625e+00   3.599490e-01   1.481782e-01
  2.950772e+00   2.512437e-01   1.487625e-01
  2.955918e+00   1.728945e-01   1.501698e-01
  2.961065e+00   1.203141e-01   1.505483e-01
  2.966212e+00   2.360401e-01   1.519810e-01
  2.971358e+00   2.245170e-01   1.530634e-01
  2.976505e+00   5.370148e-02   1.531387e-01
  2.981651e+00  -3.235396e-02   1.532831e-01
  2.986798e+00   2.354948e-01   1.555302e-01
  2.991944e+00   2.421277e-01   1.555903e-01
  2.997091e+00   3.611139e-01   1.522439e-01
  3.002238e+00   3.150033e-01   1.517065e-01
  3.007384e+00   8.145253e-02   1.498414e-01
  3.012531e+00  -3.544635e-02   1.485170e-01
  3.017677e+00   2.061765e-01   1.486103e-01
  3.022824e+00   1.243323e-01   1.485751e-01
  3.027970e+00   1.389629e-01   1.473486e-01
  3.033117e+00   9.985024e-02   1.476585e-01
  3.038264e+00   1.463383e-02   1.480585e-01
  3.043410e+00   3.118481e-02   1.463190e-01
  3.048557e+00  -4.572016e-02   1.472079e-01
  3.053703e+00   3.075562e-03   1.473879e-01
  3.058850e+00   1.544092e-01   1.478014e-01
  3.063996e+00   1.936859e-01   1.478545e-01
  3.069143e+00   2.040432e-01   1.479992e-01
  3.074290e+00   1.800929e-02   1.464867e-01
  3.079436e+00   1.658752e-01   1.473634e-01
  3.084583e+00   1.987130e-01   1.476499e-01
  3.089729e+00   1.217318e-01   1.466193e-01
  3.094876e+00   1.636690e-01   1.467203e-01
  3.100022e+00   8.683368e-02   1.469510e-01
  3.105169e+00   3.740290e-02   1.460348e-01
  3.110316e+00  -4.946851e-02   1.465183e-01
  3.115462e+00   1.883368e-02   1.463439e-01
  3.120609e+00   2.439150e-01   1.450419e-01
  3.125755e+00  -2.697591e-02   1.448428e-01
  3.130902e+00   3.151713e-01   1.463515e-01
  3.136048e+00   3.302765e-01   1.441667e-01
  3.141195e+00  -1.362880e-01   1.446242e-01
  3.146342e+00   9.903308e-02   1.443319e-01
  3.151488e+00  -1.931773e-01   1.428974e-01
  3.156635e+00  -1.288415e-01   1.433498e-01
  3.161781e+00   4.269878e-01   1.447955e-01
  3.166928e+00   8.292714e-02   1.428676e-01
  3.172074e+00   1.621858e-02   1.434764e-01
  3.177221e+00   3.249984e-01   1.443329e-01
  3.182368e+00   1.411092e-02   1.430314e-01
  3.187514e+00   1.767237e-01   1.433662e-01
  3.192661e+00   1.632682e-01   1.441340e-01
  3.197807e+00  -1.329850e-02   1.422352e-01
  3.202954e+00  -2.205242e-02   1.431099e-01
  3.208100e+00   1.771806e-01   1.435536e-01
  3.213247e+00  -1.967492e-02   1.419181e-01
  3.218394e+00   1.571557e-01   1.431899e-01
  3.223540e+00   1.853617e-01   1.436414e-01
  3.228687e+00   8.039703e-02   1.419931e-01
  3.233833e+00   2.078065e-01   1.429742e-01
  3.238980e+00   2.645799e-02   1.440242e-01
  3.244126e+00   9.078327e-02   1.418447e-01
  3.249273e+00   1.125683e-01   1.418097e-01
  3.254420e+00   2.347811e-02   1.433016e-01
  3.259566e+00   1.362274e-01   1.414674e-01
  3.264713e+00   2.139689e-01   1.426449e-01
  3.269859e+00   6.125394e-02   1.431325e-01
  3.275006e+00   1.535107e-01   1.416882e-01
  3.280152e+00  -7.861612e-02   1.420328e-01
  3.285299e+00   2.590981e-01   1.438035e-01
  3.290446e+00   4.766397e-04   1.413408e-01
  3.295592e+00  -1.714460e-01   1.416346e-01
  3.300739e+00   2.326369e-01   1.430365e-01
  3.305885e+00  -1.233140e-01   1.409677e-01
  3.311032e+00   2.005682e-01   1.422190e-01
  3.316178e+00   3.196647e-01   1.430572e-01
  3.321325e+00   2.902773e-01   1.414726e-01
  3.326471e+00   8.051345e-02   1.418003e-01
  3.331618e+00  -4.019095e-02   1.419760e-01
  3.336765e+00   2.659566e-01   1.407645e-01
  3.341911e+00   3.264881e-01   1.416013e-01
  3.347058e+00   8.331749e-02   1.417990e-01
  3.352204e+00   2.160393e-02   1.404838e-01
  3.357351e+00   1.961302e-01   1.410167e-01
  3.362497e+00   1.980501e-01   1.420571e-01
  3.367644e+00   2.611411e-01   1.403529e-01
  3.372791e+00   2.673297e-01   1.418254e-01
  3.377937e+00   3.776815e-01   1.417650e-01
  3.383084e+00   2.495863e-02   1.408634e-01
  3.388230e+00   3.259466e-01   1.412151e-01
  3.393377e+00   1.413509e-01   1.418574e-01
  3.398523e+00   3.609852e-02   1.405360e-01
  3.403670e+00  -1.092290e-01   1.404868e-01
  3.408817e+00  -1.174434e-02   1.416309e-01
  3.413963e+00   2.154360e-01   1.409140e-01
  3.419110e+00   9.937895e-03   1.409733e-01
  3.424256e+00   1.727966e-01   1.417252e-01
  3.429403e+00   1.260414e-01   1.398598e-01
  3.434549e+00   1.505613e-01   1.410425e-01
  3.439696e+00  -1.459384e-02   1.411721e-01
  3.444843e+00  -1.086728e-01   1.402909e-01
  3.449989e+00   3.994533e-02   1.403551e-01
  3.455136e+00  -7.310730e-02   1.411543e-01
  3.460282e+00   2.001296e-01   1.403859e-01
  3.465429e+00   2.637553e-01   1.408106e-01
  3.470575e+00   2.829795e-01   1.411509e-01
  3.475722e+00   6.492481e-02   1.400499e-01
  3.480869e+00  -1.709969e-02   1.398041e-01
  3.486015e+00   1.495945e-01   1.414626e-01
  3.491162e+00   2.443000e-01   1.396832e-01
  3.496308e+00   1.998535e-01   1.404880e-01
  3.501455e+00   5.254745e-02   1.409594e-01
  3.506601e+00   1.846676e-01   1.406412e-01
  3.511748e+00   3.158146e-01   1.401143e-01
  3.516895e+00   4.118492e-02   1.408276e-01
  3.522041e+00   2.954569e-02   1.395164e-01
  3.527188e+00   1.766751e-01   1.401859e-01
  3.532334e+00   1.843577e-01   1.403803e-01
  3.537481e+00  -7.818227e-02   1.401733e-01
  3.542627e+00   1.510036e-01   1.400367e-01
  3.547774e+00   1.783774e-01   1.412636e-01
  3.552921e+00   2.966183e-01   1.403375e-01
  3.558067e+00   4.578508e-01   1.405139e-01
  3.563214e+00  -2.042765e-01   1.403712e-01
  3.568360e+00   2.548786e-01   1.402279e-01
  3.573507e+00  -1.600352e-01   1.393739e-01
  3.578653e+00  -8.696010e-02   1.406466e-01
  3.583800e+00   5.417559e-03   1.397637e-01
  3.588947e+00   1.060245e-01   1.402523e-01
  3.594093e+00   2.082167e-01   1.409673e-01
  3.599240e+00   1.121626e-01   1.405250e-01
  3.604386e+00   2.123306e-01   1.395470e-01
  3.609533e+00   8.614728e-02   1.413403e-01
  3.614679e+00  -1.035362e-01   1.393639e-01
  3.619826e+00   4.434114e-01   1.409508e-01
  3.624973e+00   1.716468e-01   1.407200e-01
  3.630119e+00  -3.395673e-02   1.401000e-01
  3.635266e+00   1.478308e-01   1.400453e-01
  3.640412e+00  -7.688898e-02   1.412967e-01
  3.645559e+00   6.538648e-02   1.399787e-01
  3.650705e+00  -7.091121e-02   1.398036e-01
  3.655852e+00   2.478370e-01   1.407319e-01
  3.660999e+00   1.040071e-01   1.399175e-01
  3.666145e+00   1.408702e-02   1.398977e-01
  3.671292e+00   4.617012e-02   1.411832e-01
  3.676438e+00  -7.424067e-02   1.392710e-01
  3.681585e+00   1.683811e-01   1.401802e-01
  3.686731e+00   1.136961e-01   1.409195e-01
  3.691878e+00   1.059948e-01   1.402642e-01
  3.697025e+00  -1.653792e-01   1.390864e-01
  3.702171e+00   2.705000e-01   1.413261e-01
  3.707318e+00   8.120129e-02   1.393873e-01
  3.712464e+00   3.016589e-02   1.398505e-01
  3.717611e+00   2.605177e-01   1.410456e-01
  3.722757e+00   1.715921e-01   1.398247e-01
  3.727904e+00   1.814086e-02   1.401130e-01
  3.733051e+00  -2.888595e-01   1.411230e-01
  3.738197e+00   1.952572e-01   1.396768e-01
  3.743344e+00   3.588217e-02   1.401610e-01
  3.748490e+00  -6.165291e-02   1.431361e-01
  3.753637e+00   2.886372e-01   1.450755e-01
  3.758783e+00  -8.744099e-02   1.468752e-01
  3.763930e+00  -1.262247e-01   1.485832e-01
  3.769077e+00  -5.731529e-02   1.487558e-01
  3.774223e+00   1.040065e-01   1.512145e-01
  3.779370e+00   1.323122e-02   1.514192e-01
  3.784516e+00   2.405805e-01   1.505635e-01
  3.789663e+00   2.389003e-01   1.518425e-01
  3.794809e+00   1.080461e-01   1.532707e-01
  3.799956e+00   1.496177e-01   1.520882e-01
  3.805103e+00  -9.011625e-02   1.530257e-01
  3.810249e+00   5.424388e-02   1.533518e-01
  3.815396e+00  -4.880032e-02   1.483014e-01
  3.820542e+00  -7.129319e-02   1.472024e-01
  3.825689e+00   6.891710e-02   1.473457e-01
  3.830835e+00   2.640426e-02   1.449998e-01
  3.835982e+00  -5.777549e-03   1.450659e-01
  3.841129e+00   1.950579e-01   1.456765e-01
  3.846275e+00   1.959132e-01   1.449063e-01
  3.851422e+00   1.833115e-01   1.450438e-01
  3.856568e+00   1.271882e-01   1.464221e-01
  3.861715e+00   2.006315e-01   1.440160e-01
  3.866861e+00   7.346949e-02   1.451721e-01
  3.872008e+00   4.078039e-01   1.467916e-01
  3.877155e+00   2.237766e-01   1.451220e-01
  3.882301e+00   1.214260e-01   1.452877e-01
  3.887448e+00   1.203761e-01   1.460148e-01
  3.892594e+00  -3.757152e-02   1.443370e-01
  3.897741e+00  -2.624534e-02   1.452052e-01
  3.902887e+00   3.354430e-02   1.458402e-01
  3.908034e+00  -2.676090e-01   1.439578e-01
  3.913181e+00   3.022565e-01   1.453165e-01
  3.918327e+00   2.075139e-01   1.460550e-01
  3.923474e+00   7.930455e-02   1.443747e-01
  3.928620e+00   2.252586e-01   1.454562e-01
  3.933767e+00   1.473880e-03   1.453610e-01
  3.938913e+00   1.990496e-01   1.450149e-01
  3.944060e+00   3.740443e-02   1.450934e-01
  3.949207e+00   1.278386e-01   1.464572e-01
  3.954353e+00   2.171586e-01   1.451585e-01
  3.959500e+00   2.118267e-01   1.467181e-01
  3.964646e+00   1.089673e-01   1.465729e-01
  3.969793e+00   1.035135e-01   1.454558e-01
  3.974939e+00   1.083151e-01   1.462148e-01
  3.980086e+00   2.335840e-01   1.470072e-01
  3.985233e+00   3.591623e-02   1.456515e-01
  3.990379e+00   1.114158e-01   1.467493e-01
  3.995526e+00   1.967528e-01   1.469982e-01
  4.000672e+00   2.681800e-01   1.467276e-01
  4.005819e+00   1.604318e-01   1.477919e-01
  4.010965e+00   1.300370e-01   1.472785e-01
  4.016112e+00  -9.394722e-02   1.463178e-01
  4.021259e+00  -5.538382e-02   1.472497e-01
  4.026405e+00  -1.627563e-01   1.470660e-01
  4.031552e+00   2.036019e-01   1.475868e-01
  4.036698e+00  -1.879289e-03   1.474834e-01
  4.041845e+00   2.363513e-01   1.477306e-01
  4.046991e+00  -1.771729e-01   1.467341e-01
  4.052138e+00   9.249306e-02   1.486885e-01
  4.057285e+00   1.723547e-01   1.479810e-01
  4.062431e+00  -1.529978e-02   1.472908e-01
  4.067578e+00   1.390599e-01   1.487183e-01
  4.072724e+00   3.737081e-02   1.485566e-01
  4.077871e+00  -1.364327e-02   1.473777e-01
  4.083017e+00   3.157747e-01   1.497118e-01
  4.088164e+00  -1.281800e-01   1.481243e-01
  4.093311e+00   2.123968e-01   1.486751e-01
  4.098457e+00  -2.837147e-02   1.490347e-01
  4.103604e+00  -1.081114e-01   1.482725e-01
  4.108750e+00   2.546240e-01   1.488572e-01
  4.113897e+00   2.336026e-01   1.496789e-01
  4.119043e+00   2.542406e-01   1.491879e-01
  4.124190e+00   7.550039e-02   1.486440e-01
  4.129336e+00  -4.478350e-02   1.493032e-01
  4.134483e+00   4.047667e-01   1.495105e-01
  4.139630e+00  -1.632694e-01   1.492486e-01
  4.144776e+00   7.034265e-02   1.498104e-01
  4.149923e+00   1.426948e-01   1.499504e-01
  4.155069e+00   6.862698e-02   1.491191e-01
  4.160216e+00  -3.099460e-01   1.497994e-01
  4.165362e+00   3.782711e-01   1.504192e-01
  4.170509e+00   2.598243e-01   1.500051e-01
  4.175656e+00  -1.440854e-01   1.500369e-01
  4.180802e+00   2.693599e-01   1.504972e-01
  4.185949e+00   1.073263e-01   1.515886e-01
  4.191095e+00  -2.290137e-01   1.518068e-01
  4.196242e+00   1.477762e-01   1.524006e-01
  4.201388e+00   2.714997e-01   1.533097e-01
  4.206535e+00   1.048274e-01   1.538695e-01
  4.211682e+00   3.609917e-02   1.543688e-01
  4.216828e+00   1.184569e-01   1.546000e-01
  4.221975e+00   5.197633e-02   1.551383e-01
  4.227121e+00   2.229181e-01   1.558983e-01
  4.232268e+00   3.278759e-02   1.559149e-01
  4.237414e+00  -1.328125e-01   1.559688e-01
  4.242561e+00  -1.220694e-01   1.569915e-01
  4.247708e+00   6.494598e-02   1.572338e-01
  4.252854e+00   3.502738e-01   1.582218e-01
  4.258001e+00   1.650039e-01   1.572985e-01
  4.263147e+00   1.160094e-01   1.589498e-01
  4.268294e+00   1.070368e-01   1.587898e-01
  4.273440e+00   2.352500e-01   1.601658e-01
  4.278587e+00   6.193860e-02   1.595533e-01
  4.283734e+00  -1.034040e-01   1.598120e-01
  4.288880e+00   2.905658e-02   1.601469e-01
  4.294027e+00  -1.423292e-01   1.599071e-01
  4.299173e+00   9.997457e-02   1.611990e-01
  4.304320e+00  -2.144754e-02   1.604494e-01
  4.309466e+00   3.329554e-02   1.605433e-01
  4.314613e+00   2.889013e-01   1.611868e-01
  4.319760e+00   3.469257e-01   1.612775e-01
  4.324906e+00   9.567516e-02   1.618281e-01
  4.330053e+00   1.679353e-02   1.616403e-01
  4.335199e+00   2.341088e-01   1.622415e-01
  4.340346e+00   9.577774e-02   1.614445e-01
  4.345492e+00   2.778173e-02   1.617421e-01
  4.350639e+00   7.836269e-02   1.616654e-01
  4.355786e+00   1.939110e-01   1.632929e-01
  4.360932e+00   1.717649e-01   1.629668e-01
  4.366079e+00  -2.351614e-02   1.627230e-01
  4.371225e+00   2.441717e-01   1.632771e-01
  4.376372e+00   6.275725e-02   1.643736e-01
  4.381518e+00   3.580948e-01   1.641889e-01
  4.386665e+00   1.826966e-01   1.639689e-01
  4.391812e+00  -4.694892e-02   1.633941e-01
  4.396958e+00   8.779481e-02   1.637535e-01
  4.402105e+00   3.506976e-02   1.641631e-01
  4.407251e+00   2.889969e-01   1.652420e-01
  4.412398e+00   4.403301e-01   1.653857e-01
  4.417544e+00   6.022309e-02   1.656245e-01
  4.422691e+00   1.856728e-01   1.662766e-01
  4.427838e+00   6.336702e-01   1.673954e-01
  4.432984e+00  -1.280468e-01   1.665525e-01
  4.438131e+00   1.811618e-01   1.685109e-01
  4.443277e+00   2.529846e-01   1.679477e-01
  4.448424e+00   2.993681e-01   1.692441e-01
  4.453570e+00   2.158000e-01   1.687626e-01
  4.458717e+00   2.383828e-02   1.701693e-01
  4.463864e+00   4.862332e-01   1.709977e-01
  4.469010e+00   4.899145e-01   1.728393e-01
  4.474157e+00  -4.341237e-02   1.710598e-01
  4.479303e+00  -2.390841e-02   1.711826e-01
  4.484450e+00  -9.552776e-02   1.727416e-01
  4.489596e+00   1.104766e-01   1.730152e-01
  4.494743e+00   3.419358e-01   1.737318e-01
  4.499890e+00  -8.903024e-02   1.740908e-01
  4.505036e+00   1.763420e-01   1.745609e-01
  4.510183e+00   4.174744e-01   1.755088e-01
  4.515329e+00   6.994319e-02   1.766968e-01
  4.520476e+00  -5.646123e-02   1.760620e-01
  4.525622e+00   1.962113e-01   1.760398e-01
  4.530769e+00  -7.470477e-02   1.768462e-01
  4.535916e+00   9.623623e-02   1.778464e-01
  4.541062e+00   3.434280e-01   1.785208e-01
  4.546209e+00   1.672322e-01   1.787089e-01
  4.551355e+00   2.229919e-01   1.786768e-01
  4.556502e+00   2.051754e-02   1.792042e-01
  4.561648e+00   3.068222e-01   1.803956e-01
  4.566795e+00   8.775400e-02   1.800063e-01
  4.571942e+00  -2.762517e-01   1.792901e-01
  4.577088e+00   1.431737e-01   1.805947e-01
  4.582235e+00  -6.981111e-03   1.821246e-01
  4.587381e+00  -1.426794e-01   1.827720e-01
  4.592528e+00   1.357794e-01   1.827206e-01
  4.597674e+00  -1.124516e-01   1.844729e-01
  4.602821e+00   1.068601e-01   1.847275e-01
  4.607968e+00   2.568409e-01   1.869261e-01
  4.613114e+00   4.236521e-01   1.873478e-01
  4.618261e+00  -8.176767e-02   1.860647e-01
  4.623407e+00   2.558076e-01   1.866306e-01
  4.628554e+00  -6.395766e-02   1.863494e-01
  4.633700e+00  -2.453412e-02   1.867723e-01
  4.638847e+00   1.773940e-01   1.874368e-01
  4.643994e+00  -7.598021e-02   1.876219e-01
  4.649140e+00  -7.481754e-02   1.875064e-01
  4.654287e+00   1.325258e-01   1.881536e-01
  4.659433e+00   8.929074e-02   1.888253e-01
  4.664580e+00   1.550437e-01   1.881171e-01
  4.669726e+00   2.483858e-01   1.885036e-01
  4.674873e+00  -7.519364e-02   1.878700e-01
  4.680020e+00   2.054049e-01   1.894287e-01
  4.685166e+00   9.759924e-02   1.904682e-01
  4.690313e+00   2.121139e-01   1.905130e-01
  4.695459e+00   5.389479e-02   1.912685e-01
  4.700606e+00   2.120190e-01   1.926385e-01
  4.705752e+00   8.122369e-02   1.924720e-01
  4.710899e+00  -9.331310e-02   1.923969e-01
  4.716046e+00  -1.536049e-01   1.934842e-01
  4.721192e+00   8.895568e-03   1.943586e-01
  4.726339e+00  -2.170938e-01   1.942572e-01
  4.731485e+00  -4.782890e-05   1.953778e-01
  4.736632e+00   4.221745e-01   1.963257e-01
  4.741778e+00  -2.268354e-01   1.965627e-01
  4.746925e+00   1.243026e-01   1.985868e-01
  4.752072e+00   4.080606e-01   1.994129e-01
  4.757218e+00   1.223191e-01   1.981329e-01
  4.762365e+00  -1.518714e-01   1.989082e-01
  4.767511e+00   3.624087e-01   2.001216e-01
  4.772658e+00   2.622121e-01   2.006739e-01
  4.777804e+00   9.403624e-03   2.020068e-01
  4.782951e+00  -1.098391e-01   2.018944e-01
  4.788098e+00  -3.704703e-01   2.017769e-01
  4.793244e+00  -1.175792e-01   2.033652e-01
  4.798391e+00   5.570959e-02   2.056077e-01
  4.803537e+00   2.738558e-02   2.039657e-01
  4.808684e+00   4.630975e-01   2.058502e-01
  4.813830e+00  -1.103241e-01   2.057733e-01
  4.818977e+00  -1.814376e-01   2.056287e-01
  4.824124e+00  -6.395938e-02   2.067772e-01
  4.829270e+00  -1.174943e-01   2.079392e-01
  4.834417e+00  -1.186208e-01   2.090118e-01
  4.839563e+00   2.279731e-01   2.104761e-01
  4.844710e+00   1.559512e-01   2.113562e-01
  4.849856e+00   1.278174e-01   2.105724e-01
  4.855003e+00   2.376695e-01   2.111319e-01
  4.860150e+00   1.135540e-01   2.125399e-01
  4.865296e+00  -1.779028e-01   2.126510e-01
  4.870443e+00  -3.878583e-01   2.132984e-01
  4.875589e+00  -2.928289e-01   2.137522e-01
  4.880736e+00   3.662005e-01   2.154113e-01
  4.885882e+00   7.774170e-02   2.158021e-01
  4.891029e+00  -2.022308e-01   2.172457e-01
  4.896176e+00   1.483232e-01   2.175644e-01
  4.901322e+00   8.718389e-02   2.174783e-01
  4.906469e+00  -1.775759e-01   2.176329e-01
  4.911615e+00  -1.682462e-01   2.179904e-01
  4.916762e+00   1.670193e-02   2.192138e-01
  4.921908e+00  -2.022179e-01   2.205425e-01
  4.927055e+00   1.921110e-01   2.210624e-01
  4.932201e+00   4.529682e-01   2.233748e-01
  4.937348e+00   2.563665e-01   2.234498e-01
  4.942495e+00  -9.451642e-02   2.232503e-01
  4.947641e+00  -1.715639e-01   2.227191e-01
  4.952788e+00   1.592820e-01   2.238999e-01
  4.957934e+00  -1.834075e-02   2.239611e-01
  4.963081e+00  -1.860993e-02   2.245362e-01
  4.968227e+00   8.085770e-02   2.237464e-01
  4.973374e+00  -6.193808e-02   2.246990e-01
  4.978521e+00  -2.720787e-01   2.255742e-01
  4.983667e+00  -9.653824e-02   2.260744e-01
  4.988814e+00   1.630264e-01   2.286983e-01
  4.993960e+00   4.912435e-01   2.279338e-01
  4.999107e+00  -1.610281e-02   2.270276e-01
  5.004253e+00   1.329286e-01   2.291181e-01
  5.009400e+00  -1.243680e-01   2.321482e-01
  5.014547e+00   2.465925e-01   2.347504e-01
  5.019693e+00   2.891332e-01   2.355176e-01
  5.024840e+00   2.338114e-01   2.402155e-01
  5.029986e+00   1.325395e-01   2.405582e-01
  5.035133e+00  -1.190571e-01   2.464724e-01
  5.040279e+00   5.239451e-02   2.468733e-01
  5.045426e+00  -4.626792e-01   2.479608e-01
  5.050573e+00   4.409650e-01   2.515483e-01
  5.055719e+00   2.581997e-02   2.542246e-01
  5.060866e+00  -2.928368e-01   2.572229e-01
  5.066012e+00   2.346779e-01   2.604584e-01
  5.071159e+00   3.902571e-01   2.644547e-01
  5.076305e+00  -1.351499e-01   2.665319e-01
  5.081452e+00   2.169295e-01   2.725928e-01
  5.086599e+00   2.532249e-01   2.738646e-01
  5.091745e+00  -1.990171e-01   2.808045e-01
  5.096892e+00  -3.521213e-01   2.893630e-01
  5.102038e+00  -3.764572e-01   2.980208e-01
  5.107185e+00  -2.326203e-01   3.071677e-01
  5.112331e+00  -1.659287e-01   3.150696e-01
  5.117478e+00  -5.435836e-01   3.182760e-01
  5.122625e+00  -3.732919e-02   3.266018e-01
  5.127771e+00   2.691299e-01   3.356945e-01
  5.132918e+00  -1.672458e-01   3.445472e-01
  5.138064e+00  -8.533455e-02   3.392997e-01
  5.143211e+00  -3.154887e-02   3.415797e-01
  5.148357e+00   3.391342e-01   3.448426e-01
  5.153504e+00  -4.939131e-01   3.461182e-01
  5.158651e+00   1.719523e-01   3.558902e-01
  5.163797e+00  -3.707424e-01   4.065977e-01
  5.168944e+00  -1.054022e-01   5.173111e-01
  5.174090e+00   5.830890e-01   5.907326e-01
  5.179237e+00  -1.409230e+00   1.021659e+00
range-from: 28
range-to: 1000
