Sample description: 
Sample:   c= 0 mg/ml  Code: 
  1.767703e-01   4.782173e+00   2.524218e-01
  1.819169e-01   5.204458e+00   2.430548e-01
  1.870635e-01   5.291041e+00   2.358095e-01
  1.922101e-01   5.203793e+00   2.271064e-01
  1.973566e-01   5.461569e+00   2.202076e-01
  2.025032e-01   5.893165e+00   2.133579e-01
  2.076498e-01   5.385013e+00   2.095759e-01
  2.127963e-01   5.096241e+00   2.039523e-01
  2.179429e-01   5.277492e+00   1.959242e-01
  2.230895e-01   4.949294e+00   1.915969e-01
  2.282360e-01   5.135736e+00   1.877148e-01
  2.333826e-01   5.399402e+00   1.834273e-01
  2.385292e-01   5.233535e+00   1.812713e-01
  2.436758e-01   4.970035e+00   1.753755e-01
  2.488223e-01   5.383700e+00   1.720957e-01
  2.539689e-01   5.307260e+00   1.686768e-01
  2.591155e-01   5.070042e+00   1.656538e-01
  2.642620e-01   5.103344e+00   1.614471e-01
  2.694086e-01   4.863479e+00   1.584456e-01
  2.745552e-01   4.894711e+00   1.560587e-01
  2.797018e-01   5.231238e+00   1.539214e-01
  2.848483e-01   5.037876e+00   1.512389e-01
  2.899949e-01   4.903242e+00   1.511444e-01
  2.951415e-01   5.138121e+00   1.523862e-01
  3.002880e-01   4.776612e+00   1.523489e-01
  3.054346e-01   5.169712e+00   1.522038e-01
  3.105812e-01   4.914574e+00   1.516208e-01
  3.157277e-01   4.827937e+00   1.509149e-01
  3.208743e-01   4.906622e+00   1.487460e-01
  3.260209e-01   4.869152e+00   1.493080e-01
  3.311675e-01   4.884036e+00   1.484032e-01
  3.363140e-01   5.082827e+00   1.488504e-01
  3.414606e-01   4.754240e+00   1.468929e-01
  3.466072e-01   4.595942e+00   1.456579e-01
  3.517537e-01   4.909287e+00   1.445671e-01
  3.569003e-01   4.621083e+00   1.414860e-01
  3.620469e-01   4.617696e+00   1.370210e-01
  3.671934e-01   4.640932e+00   1.347273e-01
  3.723400e-01   4.547266e+00   1.341654e-01
  3.774866e-01   4.619982e+00   1.318297e-01
  3.826332e-01   4.725198e+00   1.297464e-01
  3.877797e-01   4.525455e+00   1.294351e-01
  3.929263e-01   4.624778e+00   1.271551e-01
  3.980729e-01   4.563269e+00   1.260746e-01
  4.032194e-01   4.567850e+00   1.249550e-01
  4.083660e-01   4.673649e+00   1.220592e-01
  4.135126e-01   4.525182e+00   1.214717e-01
  4.186592e-01   4.315523e+00   1.210163e-01
  4.238057e-01   4.404406e+00   1.192907e-01
  4.289523e-01   4.312144e+00   1.180019e-01
  4.340989e-01   4.388470e+00   1.175196e-01
  4.392454e-01   4.425336e+00   1.169684e-01
  4.443920e-01   4.148215e+00   1.153942e-01
  4.495386e-01   4.340630e+00   1.147120e-01
  4.546851e-01   4.297564e+00   1.130189e-01
  4.598317e-01   4.346665e+00   1.127942e-01
  4.649783e-01   4.111383e+00   1.129278e-01
  4.701249e-01   4.299560e+00   1.138076e-01
  4.752714e-01   4.304514e+00   1.140483e-01
  4.804180e-01   4.085882e+00   1.151205e-01
  4.855646e-01   4.017758e+00   1.143760e-01
  4.907111e-01   4.110865e+00   1.148279e-01
  4.958577e-01   3.962647e+00   1.148080e-01
  5.010043e-01   3.963412e+00   1.145454e-01
  5.061509e-01   4.266170e+00   1.149412e-01
  5.112974e-01   4.138535e+00   1.161246e-01
  5.164440e-01   3.882871e+00   1.141404e-01
  5.215906e-01   4.004883e+00   1.141173e-01
  5.267371e-01   3.691920e+00   1.140442e-01
  5.318837e-01   3.414313e+00   1.138179e-01
  5.370303e-01   3.764867e+00   1.101470e-01
  5.421768e-01   3.755242e+00   1.091251e-01
  5.473234e-01   3.680276e+00   1.084098e-01
  5.524700e-01   3.625888e+00   1.064392e-01
  5.576166e-01   3.711935e+00   1.062674e-01
  5.627631e-01   3.552473e+00   1.051743e-01
  5.679097e-01   3.860799e+00   1.038455e-01
  5.730563e-01   3.694193e+00   1.033773e-01
  5.782028e-01   3.396742e+00   1.028318e-01
  5.833494e-01   3.722350e+00   1.013071e-01
  5.884960e-01   3.869525e+00   1.013029e-01
  5.936426e-01   3.660030e+00   1.014389e-01
  5.987891e-01   3.534494e+00   9.939268e-02
  6.039357e-01   3.535857e+00   9.947572e-02
  6.090823e-01   3.482619e+00   9.909631e-02
  6.142288e-01   3.299075e+00   9.765035e-02
  6.193754e-01   3.379392e+00   9.729532e-02
  6.245220e-01   3.288289e+00   9.704359e-02
  6.296685e-01   3.400004e+00   9.631401e-02
  6.348151e-01   3.363272e+00   9.632552e-02
  6.399617e-01   3.368913e+00   9.599380e-02
  6.451083e-01   3.128034e+00   9.487416e-02
  6.502548e-01   3.422442e+00   9.433890e-02
  6.554014e-01   3.249038e+00   9.398236e-02
  6.605480e-01   3.143248e+00   9.379335e-02
  6.656945e-01   3.182088e+00   9.522505e-02
  6.708411e-01   3.145664e+00   9.624022e-02
  6.759877e-01   3.289212e+00   9.585422e-02
  6.811343e-01   3.146313e+00   9.576104e-02
  6.862808e-01   3.018112e+00   9.592372e-02
  6.914274e-01   3.047514e+00   9.367682e-02
  6.965740e-01   3.051615e+00   9.265597e-02
  7.017205e-01   3.000659e+00   9.257693e-02
  7.068671e-01   2.977894e+00   9.136359e-02
  7.120137e-01   2.863512e+00   9.056779e-02
  7.171602e-01   3.004826e+00   9.088097e-02
  7.223068e-01   2.859213e+00   8.970499e-02
  7.274534e-01   2.849508e+00   8.899049e-02
  7.326000e-01   2.858586e+00   8.892504e-02
  7.377465e-01   2.807787e+00   8.774979e-02
  7.428931e-01   2.774981e+00   8.722725e-02
  7.480397e-01   2.853198e+00   8.727358e-02
  7.531862e-01   2.765343e+00   8.631730e-02
  7.583328e-01   2.593120e+00   8.634104e-02
  7.634794e-01   2.872839e+00   8.683439e-02
  7.686259e-01   2.711949e+00   8.587111e-02
  7.737725e-01   2.645027e+00   8.521892e-02
  7.789191e-01   2.750611e+00   8.553724e-02
  7.840657e-01   2.475076e+00   8.427163e-02
  7.892122e-01   2.400981e+00   8.408743e-02
  7.943588e-01   2.601453e+00   8.452655e-02
  7.995054e-01   2.515690e+00   8.373155e-02
  8.046519e-01   2.530418e+00   8.341510e-02
  8.097985e-01   2.654476e+00   8.340522e-02
  8.149451e-01   2.481695e+00   8.212520e-02
  8.200917e-01   2.374596e+00   8.219523e-02
  8.252382e-01   2.548466e+00   8.224381e-02
  8.303848e-01   2.371312e+00   8.101393e-02
  8.355314e-01   2.400512e+00   8.087567e-02
  8.406779e-01   2.353653e+00   8.071868e-02
  8.458245e-01   2.264611e+00   8.036856e-02
  8.509711e-01   2.384228e+00   8.026056e-02
  8.561176e-01   2.340303e+00   7.999085e-02
  8.612642e-01   2.312484e+00   7.983198e-02
  8.664108e-01   2.353309e+00   7.938337e-02
  8.715574e-01   2.199858e+00   7.961133e-02
  8.767039e-01   2.130263e+00   7.868850e-02
  8.818505e-01   2.307750e+00   7.863847e-02
  8.869971e-01   2.141832e+00   7.812553e-02
  8.921436e-01   2.042307e+00   7.857052e-02
  8.972902e-01   2.139726e+00   7.746123e-02
  9.024368e-01   2.145016e+00   7.797641e-02
  9.075834e-01   2.008280e+00   7.740286e-02
  9.127299e-01   2.155406e+00   7.668716e-02
  9.178765e-01   2.041075e+00   7.726752e-02
  9.230231e-01   2.073100e+00   7.856329e-02
  9.281696e-01   1.992498e+00   7.758600e-02
  9.333162e-01   1.977171e+00   7.820560e-02
  9.384628e-01   1.936787e+00   7.834816e-02
  9.436093e-01   1.922014e+00   7.755930e-02
  9.487559e-01   1.928171e+00   7.839953e-02
  9.539025e-01   1.940066e+00   7.853726e-02
  9.590491e-01   1.841231e+00   7.762180e-02
  9.641956e-01   1.655332e+00   7.800097e-02
  9.693422e-01   1.817603e+00   7.826163e-02
  9.744888e-01   1.830838e+00   7.763864e-02
  9.796353e-01   1.870871e+00   7.779878e-02
  9.847819e-01   1.719798e+00   7.799512e-02
  9.899285e-01   1.806088e+00   7.742537e-02
  9.950751e-01   1.858099e+00   7.773276e-02
  1.000222e+00   1.633852e+00   7.782813e-02
  1.005368e+00   1.652542e+00   7.770393e-02
  1.010515e+00   1.729884e+00   7.858880e-02
  1.015661e+00   1.582340e+00   7.907928e-02
  1.020808e+00   1.730807e+00   7.888667e-02
  1.025954e+00   1.776824e+00   7.925465e-02
  1.031101e+00   1.435077e+00   7.938181e-02
  1.036248e+00   1.716653e+00   7.934617e-02
  1.041394e+00   1.675903e+00   7.955814e-02
  1.046541e+00   1.513351e+00   7.938190e-02
  1.051687e+00   1.519116e+00   7.905621e-02
  1.056834e+00   1.399587e+00   7.916224e-02
  1.061980e+00   1.537459e+00   7.933916e-02
  1.067127e+00   1.423997e+00   7.899142e-02
  1.072274e+00   1.507091e+00   7.854916e-02
  1.077420e+00   1.432876e+00   7.885951e-02
  1.082567e+00   1.381693e+00   7.856708e-02
  1.087713e+00   1.475125e+00   7.825632e-02
  1.092860e+00   1.451498e+00   7.849043e-02
  1.098006e+00   1.377459e+00   7.809760e-02
  1.103153e+00   1.256307e+00   7.817487e-02
  1.108300e+00   1.304519e+00   7.817953e-02
  1.113446e+00   1.288147e+00   7.908684e-02
  1.118593e+00   1.437434e+00   7.902889e-02
  1.123739e+00   1.234118e+00   7.976796e-02
  1.128886e+00   1.334636e+00   7.943753e-02
  1.134032e+00   1.463139e+00   7.924431e-02
  1.139179e+00   1.378361e+00   7.945056e-02
  1.144326e+00   1.301738e+00   7.901972e-02
  1.149472e+00   1.281151e+00   7.979778e-02
  1.154619e+00   1.244516e+00   7.908608e-02
  1.159765e+00   1.155316e+00   7.926542e-02
  1.164912e+00   1.282824e+00   7.901282e-02
  1.170058e+00   1.181375e+00   7.895940e-02
  1.175205e+00   1.201120e+00   7.851384e-02
  1.180352e+00   1.229003e+00   7.793781e-02
  1.185498e+00   1.184065e+00   7.772860e-02
  1.190645e+00   1.132664e+00   7.735020e-02
  1.195791e+00   1.082017e+00   7.678726e-02
  1.200938e+00   1.082333e+00   7.664248e-02
  1.206084e+00   1.140264e+00   7.610448e-02
  1.211231e+00   1.079799e+00   7.573861e-02
  1.216378e+00   9.615790e-01   7.580636e-02
  1.221524e+00   1.052018e+00   7.536239e-02
  1.226671e+00   1.012889e+00   7.575458e-02
  1.231817e+00   1.120986e+00   7.757235e-02
  1.236964e+00   1.025881e+00   7.707821e-02
  1.242110e+00   9.881778e-01   7.702709e-02
  1.247257e+00   9.031948e-01   7.752948e-02
  1.252404e+00   8.889760e-01   7.720782e-02
  1.257550e+00   1.001273e+00   7.748837e-02
  1.262697e+00   9.055035e-01   7.746974e-02
  1.267843e+00   8.942735e-01   7.735007e-02
  1.272990e+00   8.628208e-01   7.727216e-02
  1.278136e+00   1.081375e+00   7.824968e-02
  1.283283e+00   9.703939e-01   7.696293e-02
  1.288430e+00   7.288874e-01   7.777184e-02
  1.293576e+00   7.403273e-01   7.934658e-02
  1.298723e+00   8.198894e-01   7.937387e-02
  1.303869e+00   9.683849e-01   8.020219e-02
  1.309016e+00   8.684755e-01   8.090878e-02
  1.314162e+00   8.957346e-01   8.094124e-02
  1.319309e+00   8.051956e-01   8.176577e-02
  1.324456e+00   8.151505e-01   8.184020e-02
  1.329602e+00   8.317141e-01   8.135198e-02
  1.334749e+00   8.471626e-01   8.241989e-02
  1.339895e+00   6.689148e-01   8.208150e-02
  1.345042e+00   8.607871e-01   8.235302e-02
  1.350188e+00   6.975873e-01   8.257564e-02
  1.355335e+00   7.338571e-01   8.237865e-02
  1.360482e+00   8.662943e-01   8.112145e-02
  1.365628e+00   6.819023e-01   8.023157e-02
  1.370775e+00   7.737152e-01   8.043908e-02
  1.375921e+00   7.703750e-01   7.986782e-02
  1.381068e+00   7.491241e-01   7.922218e-02
  1.386214e+00   7.943582e-01   7.993139e-02
  1.391361e+00   7.027605e-01   7.860564e-02
  1.396508e+00   6.286928e-01   7.889160e-02
  1.401654e+00   7.013903e-01   7.889658e-02
  1.406801e+00   7.076672e-01   7.907815e-02
  1.411947e+00   7.590158e-01   7.800519e-02
  1.417094e+00   6.244544e-01   7.867026e-02
  1.422240e+00   6.545390e-01   7.795226e-02
  1.427387e+00   7.309350e-01   7.771194e-02
  1.432534e+00   7.304277e-01   7.796915e-02
  1.437680e+00   4.280793e-01   7.757747e-02
  1.442827e+00   6.905241e-01   7.701270e-02
  1.447973e+00   6.013233e-01   7.810301e-02
  1.453120e+00   5.888736e-01   7.729054e-02
  1.458266e+00   5.915791e-01   7.676664e-02
  1.463413e+00   5.008314e-01   7.728761e-02
  1.468560e+00   6.402838e-01   7.655880e-02
  1.473706e+00   5.646517e-01   7.631477e-02
  1.478853e+00   6.775739e-01   7.692988e-02
  1.483999e+00   4.990858e-01   7.641862e-02
  1.489146e+00   4.110099e-01   7.628204e-02
  1.494292e+00   5.991252e-01   7.639366e-02
  1.499439e+00   4.686421e-01   7.616699e-02
  1.504586e+00   5.151332e-01   7.575946e-02
  1.509732e+00   4.911002e-01   7.627205e-02
  1.514879e+00   5.648249e-01   7.588680e-02
  1.520025e+00   5.221789e-01   7.559211e-02
  1.525172e+00   5.284816e-01   7.628908e-02
  1.530318e+00   5.032965e-01   7.555018e-02
  1.535465e+00   5.954044e-01   7.587055e-02
  1.540612e+00   4.632213e-01   7.567737e-02
  1.545758e+00   5.189541e-01   7.545837e-02
  1.550905e+00   4.156110e-01   7.542111e-02
  1.556051e+00   4.561563e-01   7.531713e-02
  1.561198e+00   4.729788e-01   7.525168e-02
  1.566344e+00   4.494090e-01   7.502483e-02
  1.571491e+00   4.139660e-01   7.510430e-02
  1.576638e+00   4.815719e-01   7.551762e-02
  1.581784e+00   4.150199e-01   7.470344e-02
  1.586931e+00   3.976980e-01   7.478048e-02
  1.592077e+00   3.683500e-01   7.490926e-02
  1.597224e+00   3.679174e-01   7.454135e-02
  1.602370e+00   4.507527e-01   7.457419e-02
  1.607517e+00   3.904110e-01   7.492152e-02
  1.612664e+00   4.761320e-01   7.427502e-02
  1.617810e+00   5.444542e-01   7.453723e-02
  1.622957e+00   4.288501e-01   7.424747e-02
  1.628103e+00   2.428942e-01   7.383039e-02
  1.633250e+00   2.517113e-01   7.420486e-02
  1.638396e+00   4.093524e-01   7.429926e-02
  1.643543e+00   2.952057e-01   7.369613e-02
  1.648690e+00   4.715485e-01   7.383634e-02
  1.653836e+00   2.940818e-01   7.403608e-02
  1.658983e+00   2.823036e-01   7.333641e-02
  1.664129e+00   3.187800e-01   7.421803e-02
  1.669276e+00   3.508084e-01   7.390374e-02
  1.674422e+00   3.195469e-01   7.327968e-02
  1.679569e+00   3.273393e-01   7.357851e-02
  1.684716e+00   1.138368e-01   7.378004e-02
  1.689862e+00   3.092311e-01   7.304946e-02
  1.695009e+00   3.475215e-01   7.343862e-02
  1.700155e+00   3.875412e-01   7.352008e-02
  1.705302e+00   3.176608e-01   7.304366e-02
  1.710448e+00   1.866218e-01   7.338963e-02
  1.715595e+00   3.327783e-01   7.302182e-02
  1.720741e+00   3.652004e-01   7.265468e-02
  1.725888e+00   1.439612e-01   7.291417e-02
  1.731035e+00   3.065852e-01   7.293116e-02
  1.736181e+00   2.645855e-01   7.237158e-02
  1.741328e+00   2.721566e-01   7.253463e-02
  1.746474e+00   2.478744e-01   7.285085e-02
  1.751621e+00   3.069540e-01   7.240812e-02
  1.756767e+00   3.915850e-01   7.183980e-02
  1.761914e+00   3.824482e-01   7.217791e-02
  1.767061e+00   3.160099e-01   7.151513e-02
  1.772207e+00   1.593732e-01   7.151946e-02
  1.777354e+00   3.086968e-01   7.202552e-02
  1.782500e+00   3.169111e-01   7.185965e-02
  1.787647e+00   2.160962e-01   7.128106e-02
  1.792793e+00   2.560760e-01   7.212414e-02
  1.797940e+00   2.592771e-01   7.143413e-02
  1.803087e+00   2.945028e-01   7.145090e-02
  1.808233e+00   1.455505e-01   7.146536e-02
  1.813380e+00   3.619841e-01   7.146025e-02
  1.818526e+00   2.927746e-01   7.067273e-02
  1.823673e+00   2.020564e-01   7.150118e-02
  1.828819e+00   2.836289e-01   7.111959e-02
  1.833966e+00   2.330110e-01   7.111127e-02
  1.839113e+00   1.880910e-01   7.131435e-02
  1.844259e+00   2.150884e-01   7.106902e-02
  1.849406e+00   2.846611e-01   7.039574e-02
  1.854552e+00   1.617930e-01   7.129847e-02
  1.859699e+00   2.089497e-01   7.099974e-02
  1.864845e+00   2.524030e-01   7.089481e-02
  1.869992e+00   2.549752e-01   7.119562e-02
  1.875139e+00   1.928345e-01   7.088097e-02
  1.880285e+00   2.675851e-01   7.070998e-02
  1.885432e+00   2.407620e-01   7.102733e-02
  1.890578e+00   2.416250e-01   7.059177e-02
  1.895725e+00   3.153979e-01   7.043397e-02
  1.900871e+00   1.723992e-01   7.100257e-02
  1.906018e+00   1.903400e-01   7.042944e-02
  1.911165e+00   2.017806e-01   7.041209e-02
  1.916311e+00   1.219237e-01   7.082875e-02
  1.921458e+00   2.719830e-01   7.073295e-02
  1.926604e+00   2.598272e-01   7.044630e-02
  1.931751e+00   2.390191e-01   7.086174e-02
  1.936897e+00   3.455849e-01   7.042308e-02
  1.942044e+00   2.087523e-01   7.005386e-02
  1.947191e+00   2.085087e-01   7.064904e-02
  1.952337e+00   1.708848e-01   7.030484e-02
  1.957484e+00   3.169279e-01   6.999009e-02
  1.962630e+00   2.379436e-01   7.086916e-02
  1.967777e+00   2.303208e-01   7.040182e-02
  1.972923e+00   2.980187e-01   7.012869e-02
  1.978070e+00   3.336309e-01   7.044355e-02
  1.983217e+00   2.072556e-01   7.014952e-02
  1.988363e+00   3.013107e-01   7.008469e-02
  1.993510e+00   2.002678e-01   7.021505e-02
  1.998656e+00   4.499907e-02   7.024812e-02
  2.003803e+00   1.284745e-01   6.996594e-02
  2.008949e+00   1.634984e-01   7.027914e-02
  2.014096e+00   1.533669e-01   7.004170e-02
  2.019243e+00   2.412623e-01   6.983749e-02
  2.024389e+00   1.311011e-01   6.995251e-02
  2.029536e+00   3.346235e-01   6.980294e-02
  2.034682e+00   2.221535e-01   6.964947e-02
  2.039829e+00   1.483276e-01   7.007165e-02
  2.044975e+00   2.221516e-01   6.983570e-02
  2.050122e+00   2.072632e-01   6.997367e-02
  2.055269e+00   1.234334e-01   6.999212e-02
  2.060415e+00   1.728264e-01   6.987277e-02
  2.065562e+00   6.838046e-02   6.935148e-02
  2.070708e+00   3.464499e-01   6.974748e-02
  2.075855e+00   2.738859e-01   6.959354e-02
  2.081001e+00   2.006679e-01   6.930481e-02
  2.086148e+00   2.034443e-01   6.975971e-02
  2.091295e+00   3.038419e-01   6.953150e-02
  2.096441e+00   2.283502e-01   6.961665e-02
  2.101588e+00   1.594476e-01   6.929414e-02
  2.106734e+00   1.939174e-01   6.944505e-02
  2.111881e+00   1.974776e-01   7.068380e-02
  2.117027e+00   1.159722e-01   7.175598e-02
  2.122174e+00   1.354022e-01   7.194924e-02
  2.127321e+00   9.215622e-02   7.251475e-02
  2.132467e+00   1.315651e-01   7.352875e-02
  2.137614e+00   1.820262e-01   7.356282e-02
  2.142760e+00   1.657155e-01   7.415493e-02
  2.147907e+00   3.111152e-01   7.420644e-02
  2.153053e+00   2.409349e-01   7.452190e-02
  2.158200e+00   1.553148e-01   7.470889e-02
  2.163347e+00   1.842981e-01   7.551852e-02
  2.168493e+00   1.185070e-01   7.526000e-02
  2.173640e+00   1.337007e-01   7.517085e-02
  2.178786e+00   2.985023e-01   7.424157e-02
  2.183933e+00   2.157492e-01   7.385569e-02
  2.189079e+00   1.934105e-01   7.299188e-02
  2.194226e+00   2.945809e-01   7.231000e-02
  2.199373e+00   1.663695e-01   7.224080e-02
  2.204519e+00   2.426794e-01   7.209262e-02
  2.209666e+00   1.911616e-01   7.195887e-02
  2.214812e+00   8.865526e-02   7.184345e-02
  2.219959e+00   1.662306e-01   7.104617e-02
  2.225105e+00   1.942752e-01   7.146551e-02
  2.230252e+00   1.246195e-01   7.157341e-02
  2.235399e+00   2.234683e-01   7.074060e-02
  2.240545e+00   1.326417e-01   7.068950e-02
  2.245692e+00   2.008472e-01   7.090287e-02
  2.250838e+00   2.442105e-01   7.048384e-02
  2.255985e+00   1.752105e-01   7.043963e-02
  2.261131e+00   5.516174e-02   7.078965e-02
  2.266278e+00   2.477715e-01   7.028650e-02
  2.271425e+00   2.444185e-01   7.066376e-02
  2.276571e+00   2.459023e-01   7.047278e-02
  2.281718e+00   2.005139e-01   7.003460e-02
  2.286864e+00   1.125021e-01   7.033299e-02
  2.292011e+00   2.614692e-01   7.038207e-02
  2.297157e+00   5.168616e-02   6.950773e-02
  2.302304e+00   2.354462e-01   6.990208e-02
  2.307451e+00   1.485334e-01   7.044600e-02
  2.312597e+00   1.483717e-01   6.982520e-02
  2.317744e+00   1.478368e-01   6.965099e-02
  2.322890e+00   1.360840e-01   7.004374e-02
  2.328037e+00   1.951303e-01   6.951258e-02
  2.333183e+00   2.009349e-01   6.962746e-02
  2.338330e+00   2.528868e-01   6.992414e-02
  2.343477e+00   1.904119e-01   6.944221e-02
  2.348623e+00   2.392604e-01   6.921316e-02
  2.353770e+00   1.506753e-01   6.963436e-02
  2.358916e+00   5.070161e-02   6.941463e-02
  2.364063e+00   1.661502e-01   6.896389e-02
  2.369209e+00   2.281400e-01   6.929516e-02
  2.374356e+00   2.211135e-01   6.948064e-02
  2.379503e+00  -1.657723e-02   6.867961e-02
  2.384649e+00   3.370809e-02   6.933904e-02
  2.389796e+00   1.944953e-01   6.878650e-02
  2.394942e+00   1.733218e-01   6.875709e-02
  2.400089e+00   2.328035e-01   6.937649e-02
  2.405235e+00   1.998946e-01   6.894962e-02
  2.410382e+00   1.568105e-01   6.853908e-02
  2.415529e+00   1.526388e-01   6.883252e-02
  2.420675e+00   1.446953e-01   6.861916e-02
  2.425822e+00   2.656281e-01   6.847562e-02
  2.430968e+00   1.049292e-01   6.890399e-02
  2.436115e+00   2.533445e-01   6.873911e-02
  2.441261e+00   1.168768e-01   6.813007e-02
  2.446408e+00   2.038160e-01   6.870959e-02
  2.451555e+00   1.297855e-01   6.824760e-02
  2.456701e+00   2.363295e-01   6.790774e-02
  2.461848e+00   1.424812e-01   6.837240e-02
  2.466994e+00   1.851068e-01   6.778090e-02
  2.472141e+00   1.748304e-01   6.767135e-02
  2.477287e+00   2.482208e-01   6.802511e-02
  2.482434e+00   1.971932e-01   6.777220e-02
  2.487581e+00   1.959290e-01   6.729292e-02
  2.492727e+00   1.258472e-01   6.787501e-02
  2.497874e+00   1.877672e-01   6.722444e-02
  2.503020e+00   1.985002e-01   6.719904e-02
  2.508167e+00   1.625400e-01   6.719232e-02
  2.513313e+00   1.110827e-01   6.743520e-02
  2.518460e+00   2.467535e-01   6.683610e-02
  2.523606e+00   1.730823e-01   6.756309e-02
  2.528753e+00   2.262109e-01   6.715571e-02
  2.533900e+00   1.867174e-01   6.696439e-02
  2.539046e+00   1.728897e-01   6.712214e-02
  2.544193e+00   1.482228e-01   6.708224e-02
  2.549339e+00   9.403025e-02   6.670290e-02
  2.554486e+00   2.298861e-01   6.735277e-02
  2.559632e+00   1.696541e-01   6.683956e-02
  2.564779e+00   2.018977e-01   6.657601e-02
  2.569926e+00   1.052541e-01   6.712086e-02
  2.575072e+00   2.248951e-01   6.843747e-02
  2.580219e+00   1.929786e-01   6.871579e-02
  2.585365e+00   1.956553e-01   6.972347e-02
  2.590512e+00   2.535649e-01   7.010398e-02
  2.595658e+00   1.665503e-01   6.982430e-02
  2.600805e+00   2.855070e-01   6.921393e-02
  2.605952e+00   2.172834e-01   6.846133e-02
  2.611098e+00   2.118980e-01   6.790678e-02
  2.616245e+00   3.157653e-01   6.852613e-02
  2.621391e+00   1.735069e-01   6.796364e-02
  2.626538e+00   2.487533e-01   6.742401e-02
  2.631684e+00   2.223561e-01   6.781935e-02
  2.636831e+00   1.279880e-01   6.732975e-02
  2.641978e+00   1.963383e-01   6.700913e-02
  2.647124e+00   2.494335e-01   6.790138e-02
  2.652271e+00   2.611292e-01   6.749197e-02
  2.657417e+00   1.052873e-01   6.708651e-02
  2.662564e+00   2.404661e-01   6.756274e-02
  2.667710e+00   2.137853e-01   6.755311e-02
  2.672857e+00   2.707836e-01   6.708587e-02
  2.678004e+00   9.065138e-02   6.711938e-02
  2.683150e+00   2.016600e-01   6.702026e-02
  2.688297e+00   1.044631e-01   6.672164e-02
  2.693443e+00   2.332282e-01   6.712872e-02
  2.698590e+00   2.607754e-01   6.712496e-02
  2.703736e+00   1.662585e-01   6.678068e-02
  2.708883e+00   2.188833e-01   6.714792e-02
  2.714030e+00   2.828685e-01   6.675636e-02
  2.719176e+00   1.763049e-01   6.649490e-02
  2.724323e+00   1.911563e-01   6.677931e-02
  2.729469e+00   9.375965e-02   6.644716e-02
  2.734616e+00   1.206747e-01   6.639214e-02
  2.739762e+00   1.026276e-01   6.657098e-02
  2.744909e+00   2.294625e-01   6.667204e-02
  2.750056e+00   2.155846e-01   6.607965e-02
  2.755202e+00   2.303045e-01   6.671306e-02
  2.760349e+00   1.035858e-01   6.617857e-02
  2.765495e+00   2.183656e-01   6.598999e-02
  2.770642e+00   1.162215e-01   6.619954e-02
  2.775788e+00   1.808593e-01   6.632031e-02
  2.780935e+00   2.051213e-01   6.582395e-02
  2.786082e+00   1.154951e-01   6.627761e-02
  2.791228e+00  -4.137672e-02   6.610060e-02
  2.796375e+00   1.671468e-01   6.607604e-02
  2.801521e+00   1.245059e-01   6.611031e-02
  2.806668e+00   2.416788e-01   6.578597e-02
  2.811814e+00   2.531788e-01   6.561803e-02
  2.816961e+00   1.796602e-01   6.690275e-02
  2.822108e+00   2.378171e-01   6.728800e-02
  2.827254e+00   1.846007e-01   6.754567e-02
  2.832401e+00   2.524757e-01   6.780709e-02
  2.837547e+00   1.575180e-01   6.815033e-02
  2.842694e+00   1.386488e-01   6.778711e-02
  2.847840e+00   1.555961e-01   6.785323e-02
  2.852987e+00   2.164463e-01   6.804829e-02
  2.858134e+00   3.282655e-01   6.758530e-02
  2.863280e+00   1.679194e-01   6.786193e-02
  2.868427e+00   1.436105e-01   6.776654e-02
  2.873573e+00   2.473479e-01   6.762507e-02
  2.878720e+00   2.028606e-01   6.775986e-02
  2.883866e+00   1.325577e-01   6.769206e-02
  2.889013e+00   1.374372e-01   6.735460e-02
  2.894160e+00   1.974239e-01   6.731697e-02
  2.899306e+00   1.217934e-01   6.725657e-02
  2.904453e+00   7.333400e-02   6.682859e-02
  2.909599e+00   2.107033e-01   6.735601e-02
  2.914746e+00   4.347349e-02   6.753407e-02
  2.919892e+00   2.781770e-01   6.709046e-02
  2.925039e+00   5.997187e-02   6.752220e-02
  2.930186e+00   3.062100e-01   6.850021e-02
  2.935332e+00   2.315920e-01   6.938440e-02
  2.940479e+00   2.084581e-01   7.050140e-02
  2.945625e+00   2.934330e-01   7.107330e-02
  2.950772e+00   1.867542e-01   7.141591e-02
  2.955918e+00   1.087298e-01   7.193992e-02
  2.961065e+00   2.020783e-01   7.238832e-02
  2.966212e+00   2.279696e-01   7.286872e-02
  2.971358e+00   2.479104e-01   7.341546e-02
  2.976505e+00   6.205459e-02   7.363062e-02
  2.981651e+00   1.544474e-01   7.374215e-02
  2.986798e+00   2.281575e-01   7.467681e-02
  2.991944e+00   1.820267e-01   7.461016e-02
  2.997091e+00   3.014442e-01   7.295595e-02
  3.002238e+00   1.485156e-01   7.263076e-02
  3.007384e+00   2.362604e-01   7.216625e-02
  3.012531e+00   1.048090e-01   7.143468e-02
  3.017677e+00   2.033159e-01   7.136350e-02
  3.022824e+00   1.479612e-01   7.131218e-02
  3.027970e+00   3.044970e-03   7.067922e-02
  3.033117e+00   2.944943e-01   7.099694e-02
  3.038264e+00   1.313495e-01   7.121713e-02
  3.043410e+00   3.443582e-01   7.042608e-02
  3.048557e+00   1.314664e-01   7.081191e-02
  3.053703e+00   1.850656e-01   7.091415e-02
  3.058850e+00   2.310907e-01   7.100951e-02
  3.063996e+00   2.124539e-01   7.106012e-02
  3.069143e+00   1.147513e-01   7.089878e-02
  3.074290e+00   1.031052e-01   7.032696e-02
  3.079436e+00   1.427917e-01   7.070688e-02
  3.084583e+00   1.874697e-01   7.085948e-02
  3.089729e+00   1.834893e-01   7.040869e-02
  3.094876e+00   1.339532e-01   7.050333e-02
  3.100022e+00   4.176143e-02   7.058774e-02
  3.105169e+00   2.696845e-01   7.031951e-02
  3.110316e+00   8.891569e-02   7.046236e-02
  3.115462e+00   1.644296e-01   7.033222e-02
  3.120609e+00   2.446808e-01   6.961017e-02
  3.125755e+00   1.796923e-01   6.966822e-02
  3.130902e+00   2.203376e-01   7.015348e-02
  3.136048e+00   1.727334e-01   6.910394e-02
  3.141195e+00   6.405856e-02   6.961513e-02
  3.146342e+00  -4.291382e-03   6.922471e-02
  3.151488e+00   1.457043e-01   6.880738e-02
  3.156635e+00   2.776293e-01   6.903820e-02
  3.161781e+00   1.974684e-01   6.933571e-02
  3.166928e+00   1.160210e-01   6.861473e-02
  3.172074e+00   1.592976e-01   6.896741e-02
  3.177221e+00   2.223546e-01   6.916281e-02
  3.182368e+00   1.421831e-01   6.874719e-02
  3.187514e+00   1.390278e-01   6.880062e-02
  3.192661e+00   2.191501e-01   6.924080e-02
  3.197807e+00   2.087821e-01   6.843153e-02
  3.202954e+00   1.220378e-01   6.880231e-02
  3.208100e+00   2.475503e-01   6.899002e-02
  3.213247e+00   3.072174e-01   6.831823e-02
  3.218394e+00   1.521794e-01   6.873769e-02
  3.223540e+00   1.556705e-01   6.886807e-02
  3.228687e+00   1.193630e-01   6.814057e-02
  3.233833e+00   1.751747e-01   6.851908e-02
  3.238980e+00   2.531764e-01   6.927125e-02
  3.244126e+00   1.169711e-01   6.816718e-02
  3.249273e+00   1.974186e-01   6.814402e-02
  3.254420e+00   5.504478e-02   6.883720e-02
  3.259566e+00   1.778992e-01   6.796195e-02
  3.264713e+00   2.642720e-01   6.846113e-02
  3.269859e+00   1.024892e-01   6.880186e-02
  3.275006e+00   1.506152e-01   6.802632e-02
  3.280152e+00   1.594550e-01   6.835651e-02
  3.285299e+00   1.556351e-01   6.896361e-02
  3.290446e+00   1.435914e-01   6.796499e-02
  3.295592e+00   6.556578e-02   6.822532e-02
  3.300739e+00   1.275220e-01   6.854997e-02
  3.305885e+00   1.132559e-01   6.779627e-02
  3.311032e+00   1.532558e-01   6.817634e-02
  3.316178e+00   3.835935e-02   6.847874e-02
  3.321325e+00   2.435757e-01   6.788723e-02
  3.326471e+00   2.313540e-01   6.809529e-02
  3.331618e+00   1.512864e-01   6.830906e-02
  3.336765e+00   2.861761e-01   6.758531e-02
  3.341911e+00   1.748739e-01   6.778363e-02
  3.347058e+00   9.216377e-02   6.805460e-02
  3.352204e+00   1.210215e-01   6.747332e-02
  3.357351e+00   1.223867e-01   6.769507e-02
  3.362497e+00   1.285183e-01   6.814418e-02
  3.367644e+00   2.695570e-01   6.736847e-02
  3.372791e+00   8.011161e-02   6.792808e-02
  3.377937e+00   1.884709e-01   6.794718e-02
  3.383084e+00   1.616718e-01   6.765216e-02
  3.388230e+00   1.191786e-01   6.760684e-02
  3.393377e+00  -1.508586e-02   6.799553e-02
  3.398523e+00   1.333197e-01   6.753724e-02
  3.403670e+00   1.590340e-01   6.767937e-02
  3.408817e+00   1.729061e-01   6.814809e-02
  3.413963e+00   1.755228e-01   6.765714e-02
  3.419110e+00   1.610060e-01   6.778522e-02
  3.424256e+00   1.501248e-01   6.798187e-02
  3.429403e+00   9.086154e-02   6.708130e-02
  3.434549e+00   1.536663e-01   6.774853e-02
  3.439696e+00   1.276573e-01   6.782588e-02
  3.444843e+00   4.341844e-02   6.745756e-02
  3.449989e+00   1.449063e-01   6.744565e-02
  3.455136e+00   8.170655e-02   6.792721e-02
  3.460282e+00   1.658731e-01   6.731331e-02
  3.465429e+00   2.692162e-01   6.751728e-02
  3.470575e+00   1.933482e-01   6.764156e-02
  3.475722e+00   1.137494e-01   6.724379e-02
  3.480869e+00   8.667570e-02   6.726971e-02
  3.486015e+00   1.479166e-01   6.795142e-02
  3.491162e+00   2.479211e-01   6.701492e-02
  3.496308e+00   3.783723e-02   6.731514e-02
  3.501455e+00   9.626134e-02   6.767383e-02
  3.506601e+00   1.004187e-01   6.741442e-02
  3.511748e+00   2.057556e-01   6.714935e-02
  3.516895e+00   1.033541e-01   6.762225e-02
  3.522041e+00   1.792472e-01   6.712140e-02
  3.527188e+00   1.369893e-01   6.725891e-02
  3.532334e+00   1.350653e-01   6.734326e-02
  3.537481e+00   1.262852e-01   6.745217e-02
  3.542627e+00   5.677838e-02   6.717049e-02
  3.547774e+00   7.227949e-02   6.771675e-02
  3.552921e+00   2.611578e-01   6.728690e-02
  3.558067e+00   1.988195e-01   6.727485e-02
  3.563214e+00   1.485611e-01   6.755617e-02
  3.568360e+00   1.872981e-01   6.726255e-02
  3.573507e+00   1.262745e-01   6.708183e-02
  3.578653e+00   1.201417e-01   6.764284e-02
  3.583800e+00   1.739848e-01   6.717663e-02
  3.588947e+00   1.887793e-01   6.734270e-02
  3.594093e+00   1.037988e-01   6.760557e-02
  3.599240e+00   1.017407e-01   6.746846e-02
  3.604386e+00   8.018380e-02   6.691529e-02
  3.609533e+00   2.756873e-01   6.791874e-02
  3.614679e+00   8.285337e-02   6.705406e-02
  3.619826e+00   1.647826e-01   6.746522e-02
  3.624973e+00   6.410226e-02   6.753093e-02
  3.630119e+00   1.086163e-01   6.738447e-02
  3.635266e+00   1.638020e-01   6.726731e-02
  3.640412e+00   1.303769e-01   6.795482e-02
  3.645559e+00   1.521277e-01   6.725581e-02
  3.650705e+00   1.171609e-01   6.726484e-02
  3.655852e+00   9.222739e-02   6.740978e-02
  3.660999e+00   1.171955e-01   6.724324e-02
  3.666145e+00  -3.875151e-03   6.716667e-02
  3.671292e+00   1.521375e-01   6.792608e-02
  3.676438e+00   1.376366e-01   6.704789e-02
  3.681585e+00   8.675832e-02   6.727509e-02
  3.686731e+00   8.246549e-02   6.760766e-02
  3.691878e+00   2.920798e-01   6.745561e-02
  3.697025e+00   1.370076e-01   6.702048e-02
  3.702171e+00   1.298161e-01   6.776564e-02
  3.707318e+00   1.415069e-01   6.697560e-02
  3.712464e+00   5.556475e-02   6.716162e-02
  3.717611e+00   2.192055e-01   6.762658e-02
  3.722757e+00   1.365890e-01   6.703944e-02
  3.727904e+00   1.110400e-01   6.730275e-02
  3.733051e+00   1.286667e-01   6.806851e-02
  3.738197e+00   8.779399e-02   6.702459e-02
  3.743344e+00   1.037534e-01   6.733229e-02
  3.748490e+00   2.438723e-01   6.893267e-02
  3.753637e+00   1.923977e-01   6.952000e-02
  3.758783e+00   1.125956e-01   7.061970e-02
  3.763930e+00   2.442990e-01   7.155585e-02
  3.769077e+00   1.497380e-01   7.154967e-02
  3.774223e+00   5.106860e-02   7.256867e-02
  3.779370e+00   1.093787e-01   7.281599e-02
  3.784516e+00   1.922291e-01   7.218707e-02
  3.789663e+00   1.679744e-01   7.288508e-02
  3.794809e+00   1.505644e-01   7.353999e-02
  3.799956e+00   1.343477e-01   7.293384e-02
  3.805103e+00   1.549499e-01   7.365208e-02
  3.810249e+00   1.505645e-01   7.364123e-02
  3.815396e+00   1.969805e-02   7.122698e-02
  3.820542e+00   1.024174e-01   7.074283e-02
  3.825689e+00   5.947108e-02   7.077177e-02
  3.830835e+00   3.483617e-02   6.954597e-02
  3.835982e+00   1.219328e-01   6.978017e-02
  3.841129e+00   1.831720e-01   6.992325e-02
  3.846275e+00   2.083931e-01   6.954364e-02
  3.851422e+00   7.278266e-02   6.958715e-02
  3.856568e+00   1.715715e-01   7.037991e-02
  3.861715e+00   9.292142e-02   6.908805e-02
  3.866861e+00   1.821275e-01   6.983868e-02
  3.872008e+00   1.048528e-01   7.014346e-02
  3.877155e+00   1.486613e-01   6.953830e-02
  3.882301e+00   5.846400e-02   6.966841e-02
  3.887448e+00   1.435617e-01   7.012213e-02
  3.892594e+00   1.169811e-01   6.940475e-02
  3.897741e+00   3.153786e-02   6.969917e-02
  3.902887e+00   2.532281e-01   7.021312e-02
  3.908034e+00   2.216406e-01   6.945257e-02
  3.913181e+00   1.676609e-01   6.973435e-02
  3.918327e+00   2.388633e-01   7.009212e-02
  3.923474e+00   2.626873e-01   6.938314e-02
  3.928620e+00   2.211617e-01   6.977411e-02
  3.933767e+00   2.373025e-01   6.996353e-02
  3.938913e+00   7.362830e-02   6.947379e-02
  3.944060e+00   1.277509e-01   6.966206e-02
  3.949207e+00   1.879370e-01   7.036836e-02
  3.954353e+00   1.472221e-01   6.962640e-02
  3.959500e+00   8.611903e-02   7.030587e-02
  3.964646e+00   1.563357e-01   7.050701e-02
  3.969793e+00   1.273786e-01   6.981512e-02
  3.974939e+00   1.687928e-01   7.017162e-02
  3.980086e+00   1.853703e-01   7.056563e-02
  3.985233e+00   2.679773e-01   7.003488e-02
  3.990379e+00   1.862984e-01   7.043834e-02
  3.995526e+00   3.072871e-01   7.055562e-02
  4.000672e+00   3.462168e-01   7.044710e-02
  4.005819e+00   1.806600e-01   7.101495e-02
  4.010965e+00   2.143975e-01   7.069628e-02
  4.016112e+00   1.275082e-01   7.045641e-02
  4.021259e+00   1.961100e-02   7.067638e-02
  4.026405e+00   2.666275e-02   7.069475e-02
  4.031552e+00   7.580650e-02   7.078985e-02
  4.036698e+00   1.543361e-01   7.085144e-02
  4.041845e+00   1.244453e-01   7.083289e-02
  4.046991e+00   1.912098e-01   7.068068e-02
  4.052138e+00   1.981309e-01   7.144073e-02
  4.057285e+00   1.283287e-01   7.095169e-02
  4.062431e+00   2.243478e-02   7.075382e-02
  4.067578e+00   1.174914e-01   7.133994e-02
  4.072724e+00   2.586360e-01   7.143588e-02
  4.077871e+00   9.743680e-02   7.074560e-02
  4.083017e+00   5.597454e-02   7.162229e-02
  4.088164e+00   1.075402e-01   7.130000e-02
  4.093311e+00   2.373098e-01   7.132471e-02
  4.098457e+00  -3.985018e-04   7.156310e-02
  4.103604e+00   2.269881e-01   7.149216e-02
  4.108750e+00   1.087510e-01   7.133481e-02
  4.113897e+00   8.496169e-02   7.170196e-02
  4.119043e+00   1.639664e-01   7.157212e-02
  4.124190e+00   1.745949e-01   7.138433e-02
  4.129336e+00   2.573713e-01   7.179383e-02
  4.134483e+00   2.224798e-01   7.161617e-02
  4.139630e+00   1.735572e-01   7.188353e-02
  4.144776e+00   6.965664e-02   7.192885e-02
  4.149923e+00   1.286858e-01   7.183210e-02
  4.155069e+00   1.290676e-01   7.163594e-02
  4.160216e+00  -1.583698e-02   7.214048e-02
  4.165362e+00   1.422741e-01   7.199342e-02
  4.170509e+00   1.658335e-01   7.189038e-02
  4.175656e+00   1.509896e-01   7.223817e-02
  4.180802e+00   1.456667e-01   7.211774e-02
  4.185949e+00   4.581208e-02   7.269956e-02
  4.191095e+00   2.496451e-01   7.320955e-02
  4.196242e+00   4.203576e-02   7.296492e-02
  4.201388e+00   1.352843e-01   7.342722e-02
  4.206535e+00   1.506362e-01   7.390335e-02
  4.211682e+00   5.734656e-02   7.412151e-02
  4.216828e+00   1.573185e-01   7.423252e-02
  4.221975e+00   1.632486e-01   7.453741e-02
  4.227121e+00   9.665356e-02   7.468980e-02
  4.232268e+00   1.219641e-01   7.489587e-02
  4.237414e+00   2.211680e-01   7.509989e-02
  4.242561e+00   1.857266e-01   7.551279e-02
  4.247708e+00   1.070212e-01   7.541940e-02
  4.252854e+00   2.371566e-01   7.576854e-02
  4.258001e+00   1.521155e-01   7.545900e-02
  4.263147e+00   5.900643e-03   7.621453e-02
  4.268294e+00   1.188758e-01   7.628277e-02
  4.273440e+00   1.064178e-01   7.666933e-02
  4.278587e+00   1.575384e-01   7.655765e-02
  4.283734e+00   1.958604e-01   7.698406e-02
  4.288880e+00   1.877634e-01   7.688632e-02
  4.294027e+00   1.276512e-01   7.697311e-02
  4.299173e+00   1.471829e-01   7.738333e-02
  4.304320e+00   1.944921e-01   7.717221e-02
  4.309466e+00   1.337149e-01   7.714342e-02
  4.314613e+00   2.247568e-01   7.731995e-02
  4.319760e+00   2.056266e-01   7.727732e-02
  4.324906e+00   7.755861e-02   7.761225e-02
  4.330053e+00   1.597921e-01   7.766823e-02
  4.335199e+00   1.861361e-01   7.785373e-02
  4.340346e+00   3.889592e-02   7.747893e-02
  4.345492e+00   1.425495e-01   7.775039e-02
  4.350639e+00   2.651240e-01   7.771312e-02
  4.355786e+00   2.229024e-01   7.837320e-02
  4.360932e+00   2.411023e-01   7.817334e-02
  4.366079e+00   1.722996e-01   7.815914e-02
  4.371225e+00   9.436740e-02   7.833778e-02
  4.376372e+00   1.085412e-01   7.891878e-02
  4.381518e+00   6.503438e-02   7.849505e-02
  4.386665e+00   3.028265e-01   7.886822e-02
  4.391812e+00   4.270765e-02   7.847188e-02
  4.396958e+00   2.563057e-01   7.867057e-02
  4.402105e+00   2.968791e-01   7.889929e-02
  4.407251e+00   1.461869e-01   7.923891e-02
  4.412398e+00   8.657978e-02   7.907002e-02
  4.417544e+00   2.059669e-01   7.956393e-02
  4.422691e+00   9.788175e-02   7.976289e-02
  4.427838e+00   1.373629e-01   7.991886e-02
  4.432984e+00   1.483239e-02   8.008844e-02
  4.438131e+00   1.296133e-01   8.079292e-02
  4.443277e+00   1.807831e-01   8.048045e-02
  4.448424e+00   1.560952e-01   8.104578e-02
  4.453570e+00   1.590568e-01   8.102801e-02
  4.458717e+00   9.421773e-02   8.177427e-02
  4.463864e+00   2.160308e-01   8.183215e-02
  4.469010e+00   5.122133e-02   8.262090e-02
  4.474157e+00   1.740443e-01   8.223638e-02
  4.479303e+00   2.119182e-01   8.237358e-02
  4.484450e+00   2.014981e-01   8.311968e-02
  4.489596e+00   1.918497e-01   8.304881e-02
  4.494743e+00   1.253310e-01   8.315500e-02
  4.499890e+00   7.820166e-02   8.364049e-02
  4.505036e+00   1.035501e-01   8.372919e-02
  4.510183e+00   2.113321e-01   8.406464e-02
  4.515329e+00   1.824791e-01   8.482627e-02
  4.520476e+00   2.480698e-01   8.465355e-02
  4.525622e+00   3.085886e-01   8.448678e-02
  4.530769e+00  -3.119242e-04   8.492495e-02
  4.535916e+00   1.781323e-01   8.536467e-02
  4.541062e+00   1.915428e-01   8.543968e-02
  4.546209e+00   5.402097e-02   8.568297e-02
  4.551355e+00   1.183883e-01   8.559310e-02
  4.556502e+00   2.136718e-01   8.603712e-02
  4.561648e+00   2.079223e-01   8.648976e-02
  4.566795e+00   1.539396e-01   8.644294e-02
  4.571942e+00   2.640002e-01   8.650490e-02
  4.577088e+00   1.683129e-01   8.663666e-02
  4.582235e+00   1.285830e-01   8.745178e-02
  4.587381e+00   1.441988e-01   8.797005e-02
  4.592528e+00   2.043120e-01   8.761463e-02
  4.597674e+00   1.468097e-01   8.869774e-02
  4.602821e+00   3.951908e-03   8.864820e-02
  4.607968e+00   8.782977e-02   8.966418e-02
  4.613114e+00   2.102614e-01   8.966791e-02
  4.618261e+00   6.317662e-02   8.941165e-02
  4.623407e+00   8.692779e-02   8.939424e-02
  4.628554e+00   1.149574e-02   8.954046e-02
  4.633700e+00   1.469034e-01   8.974518e-02
  4.638847e+00   5.703413e-02   8.983473e-02
  4.643994e+00   5.874918e-02   9.008071e-02
  4.649140e+00   2.189502e-01   9.023466e-02
  4.654287e+00   2.158875e-01   9.030633e-02
  4.659433e+00   6.270046e-02   9.057612e-02
  4.664580e+00   1.293558e-01   9.019453e-02
  4.669726e+00   2.228041e-01   9.043036e-02
  4.674873e+00   1.054952e-01   9.032297e-02
  4.680020e+00   1.957186e-01   9.089064e-02
  4.685166e+00   1.759154e-02   9.136895e-02
  4.690313e+00   2.645610e-01   9.148919e-02
  4.695459e+00   9.093624e-02   9.180832e-02
  4.700606e+00   3.359731e-01   9.251213e-02
  4.705752e+00   1.615753e-01   9.254520e-02
  4.710899e+00   1.061452e-01   9.246930e-02
  4.716046e+00   1.358202e-01   9.322867e-02
  4.721192e+00   6.878514e-02   9.340712e-02
  4.726339e+00   1.890408e-01   9.355608e-02
  4.731485e+00  -2.343241e-03   9.376140e-02
  4.736632e+00   3.086467e-01   9.413176e-02
  4.741778e+00   2.185371e-01   9.468176e-02
  4.746925e+00   1.372841e-01   9.520145e-02
  4.752072e+00   2.870857e-01   9.556698e-02
  4.757218e+00   8.114559e-02   9.521196e-02
  4.762365e+00   1.599438e-01   9.575462e-02
  4.767511e+00   9.313158e-02   9.566794e-02
  4.772658e+00   9.545638e-02   9.617721e-02
  4.777804e+00   2.084839e-01   9.699187e-02
  4.782951e+00   1.576289e-01   9.725624e-02
  4.788098e+00   1.470105e-01   9.726740e-02
  4.793244e+00   9.015493e-02   9.772999e-02
  4.798391e+00   7.487781e-02   9.856792e-02
  4.803537e+00   1.218872e-01   9.795617e-02
  4.808684e+00  -1.975619e-02   9.838433e-02
  4.813830e+00  -6.974776e-02   9.879055e-02
  4.818977e+00   2.891944e-01   9.908794e-02
  4.824124e+00   6.303547e-02   9.947275e-02
  4.829270e+00  -4.926485e-02   9.988546e-02
  4.834417e+00   6.674491e-02   1.005244e-01
  4.839563e+00   3.587073e-02   1.008020e-01
  4.844710e+00   1.315917e-01   1.014372e-01
  4.849856e+00   1.184408e-02   1.007279e-01
  4.855003e+00   3.898182e-01   1.015021e-01
  4.860150e+00  -5.622881e-03   1.017903e-01
  4.865296e+00  -3.406919e-03   1.021234e-01
  4.870443e+00   6.747685e-02   1.026473e-01
  4.875589e+00   5.055229e-02   1.027593e-01
  4.880736e+00   1.642911e-01   1.029833e-01
  4.885882e+00   1.460125e-01   1.035137e-01
  4.891029e+00  -6.585581e-02   1.044628e-01
  4.896176e+00  -5.057550e-02   1.042250e-01
  4.901322e+00  -9.577634e-03   1.043317e-01
  4.906469e+00   1.553059e-03   1.046649e-01
  4.911615e+00   6.724838e-02   1.048991e-01
  4.916762e+00  -4.452372e-03   1.053346e-01
  4.921908e+00   7.516175e-02   1.060545e-01
  4.927055e+00   3.411215e-02   1.059336e-01
  4.932201e+00   4.400425e-01   1.071888e-01
  4.937348e+00   9.635770e-02   1.070130e-01
  4.942495e+00   1.657815e-01   1.073824e-01
  4.947641e+00   1.909906e-01   1.074167e-01
  4.952788e+00  -3.358443e-02   1.074191e-01
  4.957934e+00   1.935801e-01   1.079012e-01
  4.963081e+00   4.578890e-02   1.076874e-01
  4.968227e+00   1.085545e-01   1.074030e-01
  4.973374e+00   1.453357e-01   1.079047e-01
  4.978521e+00   4.962808e-02   1.086513e-01
  4.983667e+00   1.143244e-01   1.088570e-01
  4.988814e+00   2.380382e-01   1.097431e-01
  4.993960e+00   3.599850e-01   1.089997e-01
  4.999107e+00   1.960866e-01   1.093922e-01
  5.004253e+00   5.486585e-02   1.101619e-01
  5.009400e+00   2.327575e-01   1.115563e-01
  5.014547e+00   1.015955e-01   1.123984e-01
  5.019693e+00   1.304487e-01   1.126591e-01
  5.024840e+00  -9.004755e-02   1.147890e-01
  5.029986e+00  -8.812517e-02   1.153195e-01
  5.035133e+00   9.208589e-02   1.184658e-01
  5.040279e+00   1.088479e-01   1.183025e-01
  5.045426e+00  -1.284296e-01   1.195954e-01
  5.050573e+00   2.810698e-01   1.204093e-01
  5.055719e+00   6.690410e-02   1.219987e-01
  5.060866e+00  -1.182575e-01   1.238845e-01
  5.066012e+00   2.137393e-01   1.249087e-01
  5.071159e+00   3.322645e-01   1.266120e-01
  5.076305e+00   1.872873e-01   1.283565e-01
  5.081452e+00   1.084436e-01   1.307920e-01
  5.086599e+00   2.090300e-01   1.312966e-01
  5.091745e+00  -5.612060e-02   1.349880e-01
  5.096892e+00   2.509978e-01   1.395372e-01
  5.102038e+00   1.490264e-01   1.434682e-01
  5.107185e+00   6.971644e-02   1.480711e-01
  5.112331e+00   1.149325e-01   1.514648e-01
  5.117478e+00  -2.042579e-01   1.535139e-01
  5.122625e+00   1.213760e-01   1.567533e-01
  5.127771e+00   2.145440e-01   1.607706e-01
  5.132918e+00   2.078781e-01   1.657046e-01
  5.138064e+00  -8.066561e-02   1.629989e-01
  5.143211e+00   2.594946e-01   1.639826e-01
  5.148357e+00   2.567268e-01   1.656299e-01
  5.153504e+00  -2.887177e-01   1.664677e-01
  5.158651e+00   4.960718e-02   1.700767e-01
  5.163797e+00  -8.825697e-03   1.958216e-01
  5.168944e+00  -2.179980e-02   2.481215e-01
  5.174090e+00   3.950597e-01   2.833136e-01
  5.179237e+00   2.419346e-01   4.974069e-01
range-from: 28
range-to: 1000
