Sample description: 
Sample:   c= 0 mg/ml  Code: 
  1.767703e-01   5.660829e+00   1.971044e-01
  1.819169e-01   5.527485e+00   1.893986e-01
  1.870635e-01   5.641414e+00   1.848364e-01
  1.922101e-01   5.464842e+00   1.773014e-01
  1.973566e-01   5.477599e+00   1.718053e-01
  2.025032e-01   5.388589e+00   1.667418e-01
  2.076498e-01   5.458994e+00   1.641006e-01
  2.127963e-01   5.394694e+00   1.599739e-01
  2.179429e-01   5.386112e+00   1.535747e-01
  2.230895e-01   5.523018e+00   1.503780e-01
  2.282360e-01   5.365821e+00   1.471048e-01
  2.333826e-01   5.340700e+00   1.438602e-01
  2.385292e-01   5.187605e+00   1.419492e-01
  2.436758e-01   5.265869e+00   1.378320e-01
  2.488223e-01   5.092404e+00   1.349834e-01
  2.539689e-01   5.261873e+00   1.324527e-01
  2.591155e-01   5.207098e+00   1.303160e-01
  2.642620e-01   5.105153e+00   1.269958e-01
  2.694086e-01   5.038344e+00   1.245365e-01
  2.745552e-01   5.079687e+00   1.225490e-01
  2.797018e-01   5.119770e+00   1.210128e-01
  2.848483e-01   5.119689e+00   1.191265e-01
  2.899949e-01   4.970025e+00   1.186484e-01
  2.951415e-01   5.051285e+00   1.199532e-01
  3.002880e-01   5.060609e+00   1.199372e-01
  3.054346e-01   5.060354e+00   1.195243e-01
  3.105812e-01   4.816056e+00   1.189764e-01
  3.157277e-01   4.978962e+00   1.184849e-01
  3.208743e-01   5.002235e+00   1.168551e-01
  3.260209e-01   4.943837e+00   1.176173e-01
  3.311675e-01   4.894352e+00   1.166536e-01
  3.363140e-01   4.658664e+00   1.165773e-01
  3.414606e-01   4.842895e+00   1.156701e-01
  3.466072e-01   4.583124e+00   1.142494e-01
  3.517537e-01   4.647621e+00   1.135647e-01
  3.569003e-01   4.548910e+00   1.110357e-01
  3.620469e-01   4.783755e+00   1.079565e-01
  3.671934e-01   4.747463e+00   1.061397e-01
  3.723400e-01   4.711587e+00   1.056744e-01
  3.774866e-01   4.669441e+00   1.035785e-01
  3.826332e-01   4.478611e+00   1.017763e-01
  3.877797e-01   4.765800e+00   1.019574e-01
  3.929263e-01   4.493820e+00   9.991896e-02
  3.980729e-01   4.556609e+00   9.894369e-02
  4.032194e-01   4.706429e+00   9.829704e-02
  4.083660e-01   4.482406e+00   9.572013e-02
  4.135126e-01   4.479349e+00   9.535835e-02
  4.186592e-01   4.495262e+00   9.515779e-02
  4.238057e-01   4.765674e+00   9.403614e-02
  4.289523e-01   4.477135e+00   9.290399e-02
  4.340989e-01   4.315129e+00   9.220211e-02
  4.392454e-01   4.240297e+00   9.153807e-02
  4.443920e-01   4.194127e+00   9.040602e-02
  4.495386e-01   4.282785e+00   9.024529e-02
  4.546851e-01   4.208993e+00   8.866922e-02
  4.598317e-01   4.235355e+00   8.832781e-02
  4.649783e-01   4.150305e+00   8.870770e-02
  4.701249e-01   4.202534e+00   8.944173e-02
  4.752714e-01   4.115573e+00   8.931852e-02
  4.804180e-01   4.344605e+00   9.056074e-02
  4.855646e-01   4.281937e+00   8.988426e-02
  4.907111e-01   4.106500e+00   9.024673e-02
  4.958577e-01   4.016261e+00   8.998618e-02
  5.010043e-01   3.896322e+00   8.977384e-02
  5.061509e-01   4.043427e+00   9.015296e-02
  5.112974e-01   3.775580e+00   9.066695e-02
  5.164440e-01   3.912236e+00   8.951325e-02
  5.215906e-01   4.031387e+00   8.955962e-02
  5.267371e-01   3.802923e+00   8.930041e-02
  5.318837e-01   3.966514e+00   8.937495e-02
  5.370303e-01   3.730382e+00   8.600347e-02
  5.421768e-01   3.826714e+00   8.561971e-02
  5.473234e-01   3.776665e+00   8.476439e-02
  5.524700e-01   3.775564e+00   8.342476e-02
  5.576166e-01   3.729349e+00   8.309669e-02
  5.627631e-01   3.829869e+00   8.251619e-02
  5.679097e-01   3.677757e+00   8.121844e-02
  5.730563e-01   3.555378e+00   8.062918e-02
  5.782028e-01   3.632540e+00   8.055966e-02
  5.833494e-01   3.716241e+00   7.936403e-02
  5.884960e-01   3.596495e+00   7.916415e-02
  5.936426e-01   3.437180e+00   7.909416e-02
  5.987891e-01   3.438340e+00   7.756350e-02
  6.039357e-01   3.542546e+00   7.774211e-02
  6.090823e-01   3.488690e+00   7.738584e-02
  6.142288e-01   3.495488e+00   7.633569e-02
  6.193754e-01   3.391668e+00   7.596380e-02
  6.245220e-01   3.474647e+00   7.594118e-02
  6.296685e-01   3.374499e+00   7.522432e-02
  6.348151e-01   3.422455e+00   7.522428e-02
  6.399617e-01   3.267177e+00   7.482748e-02
  6.451083e-01   3.206230e+00   7.396084e-02
  6.502548e-01   3.281553e+00   7.341271e-02
  6.554014e-01   3.217902e+00   7.333766e-02
  6.605480e-01   3.096486e+00   7.324368e-02
  6.656945e-01   3.181415e+00   7.415874e-02
  6.708411e-01   3.194822e+00   7.488702e-02
  6.759877e-01   3.089368e+00   7.466161e-02
  6.811343e-01   3.211854e+00   7.478755e-02
  6.862808e-01   3.025678e+00   7.479686e-02
  6.914274e-01   3.124868e+00   7.309028e-02
  6.965740e-01   3.155096e+00   7.230537e-02
  7.017205e-01   2.953264e+00   7.211415e-02
  7.068671e-01   2.905418e+00   7.104022e-02
  7.120137e-01   2.900955e+00   7.050285e-02
  7.171602e-01   2.860721e+00   7.064850e-02
  7.223068e-01   2.918515e+00   6.978193e-02
  7.274534e-01   2.853805e+00   6.915936e-02
  7.326000e-01   2.871193e+00   6.923384e-02
  7.377465e-01   2.824548e+00   6.815582e-02
  7.428931e-01   2.947827e+00   6.804938e-02
  7.480397e-01   2.726492e+00   6.768003e-02
  7.531862e-01   2.782264e+00   6.708441e-02
  7.583328e-01   2.751463e+00   6.714202e-02
  7.634794e-01   2.809101e+00   6.742261e-02
  7.686259e-01   2.686781e+00   6.663228e-02
  7.737725e-01   2.700802e+00   6.620818e-02
  7.789191e-01   2.626386e+00   6.635764e-02
  7.840657e-01   2.603425e+00   6.558126e-02
  7.892122e-01   2.605070e+00   6.539687e-02
  7.943588e-01   2.626818e+00   6.561076e-02
  7.995054e-01   2.540390e+00   6.493560e-02
  8.046519e-01   2.512935e+00   6.481533e-02
  8.097985e-01   2.428313e+00   6.457016e-02
  8.149451e-01   2.526324e+00   6.373089e-02
  8.200917e-01   2.408682e+00   6.381430e-02
  8.252382e-01   2.306173e+00   6.359613e-02
  8.303848e-01   2.342696e+00   6.275744e-02
  8.355314e-01   2.442285e+00   6.268798e-02
  8.406779e-01   2.481236e+00   6.275926e-02
  8.458245e-01   2.236173e+00   6.226587e-02
  8.509711e-01   2.263992e+00   6.211125e-02
  8.561176e-01   2.207378e+00   6.197284e-02
  8.612642e-01   2.218748e+00   6.177866e-02
  8.664108e-01   2.325552e+00   6.149633e-02
  8.715574e-01   2.277081e+00   6.161984e-02
  8.767039e-01   2.159204e+00   6.095098e-02
  8.818505e-01   2.076855e+00   6.075841e-02
  8.869971e-01   2.228926e+00   6.052027e-02
  8.921436e-01   2.061923e+00   6.078816e-02
  8.972902e-01   2.040709e+00   5.990492e-02
  9.024368e-01   2.067042e+00   6.028640e-02
  9.075834e-01   2.036855e+00   5.990972e-02
  9.127299e-01   2.135880e+00   5.940479e-02
  9.178765e-01   2.018587e+00   5.965044e-02
  9.230231e-01   2.004462e+00   6.065088e-02
  9.281696e-01   1.975224e+00   5.998910e-02
  9.333162e-01   1.956660e+00   6.054163e-02
  9.384628e-01   1.928346e+00   6.051192e-02
  9.436093e-01   2.027017e+00   6.002031e-02
  9.487559e-01   1.906387e+00   6.051524e-02
  9.539025e-01   1.875139e+00   6.066719e-02
  9.590491e-01   1.812033e+00   5.996099e-02
  9.641956e-01   1.788462e+00   6.026382e-02
  9.693422e-01   1.765401e+00   6.041633e-02
  9.744888e-01   1.800220e+00   5.992200e-02
  9.796353e-01   1.738216e+00   5.999059e-02
  9.847819e-01   1.750458e+00   6.017041e-02
  9.899285e-01   1.868502e+00   5.984830e-02
  9.950751e-01   1.584890e+00   5.985853e-02
  1.000222e+00   1.779432e+00   6.009967e-02
  1.005368e+00   1.726667e+00   5.995170e-02
  1.010515e+00   1.605790e+00   6.055797e-02
  1.015661e+00   1.698589e+00   6.110761e-02
  1.020808e+00   1.632580e+00   6.089776e-02
  1.025954e+00   1.575726e+00   6.102015e-02
  1.031101e+00   1.583247e+00   6.123336e-02
  1.036248e+00   1.614834e+00   6.118715e-02
  1.041394e+00   1.545601e+00   6.122432e-02
  1.046541e+00   1.586643e+00   6.128564e-02
  1.051687e+00   1.539249e+00   6.084202e-02
  1.056834e+00   1.445938e+00   6.090617e-02
  1.061980e+00   1.469459e+00   6.107869e-02
  1.067127e+00   1.371495e+00   6.070838e-02
  1.072274e+00   1.423659e+00   6.034882e-02
  1.077420e+00   1.397501e+00   6.070655e-02
  1.082567e+00   1.457982e+00   6.046821e-02
  1.087713e+00   1.426054e+00   6.026774e-02
  1.092860e+00   1.390824e+00   6.037445e-02
  1.098006e+00   1.403990e+00   6.011208e-02
  1.103153e+00   1.244735e+00   6.007970e-02
  1.108300e+00   1.251628e+00   6.011308e-02
  1.113446e+00   1.326244e+00   6.079977e-02
  1.118593e+00   1.311842e+00   6.078170e-02
  1.123739e+00   1.350641e+00   6.138237e-02
  1.128886e+00   1.371473e+00   6.101305e-02
  1.134032e+00   1.283471e+00   6.083621e-02
  1.139179e+00   1.271342e+00   6.099881e-02
  1.144326e+00   1.266570e+00   6.076154e-02
  1.149472e+00   1.201214e+00   6.122822e-02
  1.154619e+00   1.154102e+00   6.080797e-02
  1.159765e+00   1.248416e+00   6.097110e-02
  1.164912e+00   1.193951e+00   6.055960e-02
  1.170058e+00   1.229695e+00   6.079579e-02
  1.175205e+00   1.060488e+00   6.028499e-02
  1.180352e+00   1.050214e+00   5.965004e-02
  1.185498e+00   1.024715e+00   5.955984e-02
  1.190645e+00   1.213197e+00   5.949869e-02
  1.195791e+00   1.055617e+00   5.893853e-02
  1.200938e+00   1.081226e+00   5.884388e-02
  1.206084e+00   1.129869e+00   5.842532e-02
  1.211231e+00   1.014505e+00   5.804787e-02
  1.216378e+00   9.829080e-01   5.816091e-02
  1.221524e+00   1.039421e+00   5.783305e-02
  1.226671e+00   1.042250e+00   5.810920e-02
  1.231817e+00   1.117208e+00   5.944513e-02
  1.236964e+00   1.004476e+00   5.916526e-02
  1.242110e+00   1.004309e+00   5.905892e-02
  1.247257e+00   9.089639e-01   5.943732e-02
  1.252404e+00   9.873055e-01   5.928219e-02
  1.257550e+00   1.006465e+00   5.939879e-02
  1.262697e+00   1.023891e+00   5.943374e-02
  1.267843e+00   9.064445e-01   5.924899e-02
  1.272990e+00   8.326757e-01   5.912071e-02
  1.278136e+00   9.672309e-01   5.993692e-02
  1.283283e+00   8.828899e-01   5.897844e-02
  1.288430e+00   8.617384e-01   5.960843e-02
  1.293576e+00   7.745580e-01   6.068789e-02
  1.298723e+00   9.051433e-01   6.093034e-02
  1.303869e+00   9.732768e-01   6.158390e-02
  1.309016e+00   8.306550e-01   6.192504e-02
  1.314162e+00   7.400814e-01   6.186798e-02
  1.319309e+00   8.186366e-01   6.264861e-02
  1.324456e+00   7.919556e-01   6.265964e-02
  1.329602e+00   7.996474e-01   6.229723e-02
  1.334749e+00   7.282606e-01   6.297953e-02
  1.339895e+00   8.124392e-01   6.303286e-02
  1.345042e+00   7.123819e-01   6.285469e-02
  1.350188e+00   7.924838e-01   6.345548e-02
  1.355335e+00   6.611092e-01   6.308808e-02
  1.360482e+00   8.566828e-01   6.222753e-02
  1.365628e+00   5.749351e-01   6.121645e-02
  1.370775e+00   7.021076e-01   6.152508e-02
  1.375921e+00   8.006880e-01   6.116787e-02
  1.381068e+00   6.233548e-01   6.056795e-02
  1.386214e+00   6.960046e-01   6.109141e-02
  1.391361e+00   7.292430e-01   6.011293e-02
  1.396508e+00   6.642484e-01   6.031849e-02
  1.401654e+00   5.625965e-01   6.020154e-02
  1.406801e+00   5.974330e-01   6.044488e-02
  1.411947e+00   6.700424e-01   5.962430e-02
  1.417094e+00   6.494884e-01   6.016219e-02
  1.422240e+00   6.126308e-01   5.960111e-02
  1.427387e+00   6.225061e-01   5.935754e-02
  1.432534e+00   6.958206e-01   5.964890e-02
  1.437680e+00   5.730552e-01   5.931159e-02
  1.442827e+00   5.818808e-01   5.887835e-02
  1.447973e+00   5.848460e-01   5.964214e-02
  1.453120e+00   5.122397e-01   5.899343e-02
  1.458266e+00   5.753315e-01   5.865648e-02
  1.463413e+00   4.789000e-01   5.895973e-02
  1.468560e+00   5.860737e-01   5.847949e-02
  1.473706e+00   5.881081e-01   5.832798e-02
  1.478853e+00   5.408067e-01   5.869390e-02
  1.483999e+00   6.974339e-01   5.858086e-02
  1.489146e+00   4.429151e-01   5.823069e-02
  1.494292e+00   5.515385e-01   5.826653e-02
  1.499439e+00   4.876542e-01   5.815959e-02
  1.504586e+00   5.300895e-01   5.795318e-02
  1.509732e+00   4.589203e-01   5.818848e-02
  1.514879e+00   5.082778e-01   5.787148e-02
  1.520025e+00   4.122871e-01   5.767651e-02
  1.525172e+00   3.926043e-01   5.811726e-02
  1.530318e+00   4.682917e-01   5.764169e-02
  1.535465e+00   4.701586e-01   5.793452e-02
  1.540612e+00   4.401308e-01   5.779338e-02
  1.545758e+00   3.891333e-01   5.756536e-02
  1.550905e+00   3.788547e-01   5.756473e-02
  1.556051e+00   3.188091e-01   5.737732e-02
  1.561198e+00   4.511026e-01   5.743597e-02
  1.566344e+00   3.397680e-01   5.713543e-02
  1.571491e+00   4.755470e-01   5.738753e-02
  1.576638e+00   3.213656e-01   5.740877e-02
  1.581784e+00   4.562464e-01   5.694933e-02
  1.586931e+00   3.661083e-01   5.699856e-02
  1.592077e+00   4.872856e-01   5.721635e-02
  1.597224e+00   3.864523e-01   5.688506e-02
  1.602370e+00   2.804569e-01   5.675650e-02
  1.607517e+00   2.760690e-01   5.701448e-02
  1.612664e+00   4.062785e-01   5.666496e-02
  1.617810e+00   4.064418e-01   5.685363e-02
  1.622957e+00   4.828426e-01   5.671321e-02
  1.628103e+00   3.314062e-01   5.633667e-02
  1.633250e+00   3.483548e-01   5.670050e-02
  1.638396e+00   3.261608e-01   5.665240e-02
  1.643543e+00   3.243252e-01   5.615515e-02
  1.648690e+00   4.909889e-01   5.641143e-02
  1.653836e+00   3.554357e-01   5.651535e-02
  1.658983e+00   2.980773e-01   5.586861e-02
  1.664129e+00   2.197346e-01   5.655906e-02
  1.669276e+00   3.988476e-01   5.633874e-02
  1.674422e+00   2.738188e-01   5.587658e-02
  1.679569e+00   3.585362e-01   5.611075e-02
  1.684716e+00   2.816306e-01   5.628945e-02
  1.689862e+00   3.317638e-01   5.568490e-02
  1.695009e+00   3.544398e-01   5.597113e-02
  1.700155e+00   3.092081e-01   5.606775e-02
  1.705302e+00   3.048178e-01   5.567604e-02
  1.710448e+00   3.078333e-01   5.606633e-02
  1.715595e+00   3.240750e-01   5.574761e-02
  1.720741e+00   3.096278e-01   5.532707e-02
  1.725888e+00   2.089966e-01   5.559826e-02
  1.731035e+00   3.134799e-01   5.567315e-02
  1.736181e+00   2.564618e-01   5.519646e-02
  1.741328e+00   2.612234e-01   5.522378e-02
  1.746474e+00   2.608698e-01   5.550504e-02
  1.751621e+00   3.240063e-01   5.523479e-02
  1.756767e+00   2.629615e-01   5.471631e-02
  1.761914e+00   1.751246e-01   5.499854e-02
  1.767061e+00   3.365364e-01   5.450647e-02
  1.772207e+00   1.458292e-01   5.448347e-02
  1.777354e+00   1.923175e-01   5.494629e-02
  1.782500e+00   2.589715e-01   5.474898e-02
  1.787647e+00   2.645630e-01   5.435703e-02
  1.792793e+00   2.994963e-01   5.496452e-02
  1.797940e+00   3.095340e-01   5.451910e-02
  1.803087e+00   3.000874e-01   5.451050e-02
  1.808233e+00   2.352493e-01   5.457990e-02
  1.813380e+00   1.662309e-01   5.435393e-02
  1.818526e+00   2.008846e-01   5.381955e-02
  1.823673e+00   2.976679e-01   5.451674e-02
  1.828819e+00   1.963509e-01   5.417738e-02
  1.833966e+00   2.040775e-01   5.415618e-02
  1.839113e+00   2.395416e-01   5.433787e-02
  1.844259e+00   2.159925e-01   5.411045e-02
  1.849406e+00   2.632104e-01   5.370527e-02
  1.854552e+00   2.225842e-01   5.438344e-02
  1.859699e+00   1.464241e-01   5.407369e-02
  1.864845e+00   1.839325e-01   5.400383e-02
  1.869992e+00   1.964119e-01   5.421734e-02
  1.875139e+00   1.816597e-01   5.395058e-02
  1.880285e+00   1.693676e-01   5.379920e-02
  1.885432e+00   2.114151e-01   5.413123e-02
  1.890578e+00   8.213764e-02   5.365632e-02
  1.895725e+00   1.709349e-01   5.364203e-02
  1.900871e+00   1.472427e-01   5.405297e-02
  1.906018e+00   1.587161e-01   5.367942e-02
  1.911165e+00   9.812211e-02   5.351853e-02
  1.916311e+00   1.528055e-01   5.393828e-02
  1.921458e+00   1.057644e-01   5.378465e-02
  1.926604e+00   1.414261e-01   5.370339e-02
  1.931751e+00   1.599007e-01   5.395386e-02
  1.936897e+00   2.224871e-01   5.363041e-02
  1.942044e+00   1.291135e-01   5.328181e-02
  1.947191e+00   1.649325e-01   5.376315e-02
  1.952337e+00   1.583910e-01   5.357799e-02
  1.957484e+00   2.195108e-01   5.336845e-02
  1.962630e+00   1.414247e-01   5.389747e-02
  1.967777e+00   2.842345e-01   5.370465e-02
  1.972923e+00   1.650711e-01   5.333570e-02
  1.978070e+00   1.581376e-01   5.352936e-02
  1.983217e+00   1.808960e-01   5.338119e-02
  1.988363e+00   2.664566e-01   5.329567e-02
  1.993510e+00   2.741239e-01   5.359672e-02
  1.998656e+00   2.206701e-01   5.354640e-02
  2.003803e+00   2.112590e-01   5.336006e-02
  2.008949e+00   1.255447e-01   5.346574e-02
  2.014096e+00   8.472078e-02   5.330262e-02
  2.019243e+00   9.429188e-02   5.305182e-02
  2.024389e+00   1.145699e-01   5.320372e-02
  2.029536e+00   1.566859e-01   5.314306e-02
  2.034682e+00   1.830594e-01   5.303654e-02
  2.039829e+00   1.339716e-01   5.326773e-02
  2.044975e+00   1.015671e-01   5.304726e-02
  2.050122e+00   6.988967e-02   5.314388e-02
  2.055269e+00   9.116044e-02   5.322302e-02
  2.060415e+00   1.676695e-01   5.321576e-02
  2.065562e+00   1.005419e-01   5.280720e-02
  2.070708e+00   1.656475e-01   5.303425e-02
  2.075855e+00   1.702665e-01   5.294643e-02
  2.081001e+00   2.129978e-01   5.291000e-02
  2.086148e+00   1.810165e-01   5.313183e-02
  2.091295e+00   1.353819e-01   5.293445e-02
  2.096441e+00   1.151462e-01   5.298055e-02
  2.101588e+00   2.417635e-01   5.280511e-02
  2.106734e+00   1.259519e-01   5.285756e-02
  2.111881e+00   1.564078e-01   5.376424e-02
  2.117027e+00   8.652073e-02   5.460557e-02
  2.122174e+00   1.109344e-01   5.474501e-02
  2.127321e+00   2.247460e-01   5.526622e-02
  2.132467e+00   2.207002e-01   5.601255e-02
  2.137614e+00   2.692030e-01   5.611401e-02
  2.142760e+00   2.361282e-01   5.650288e-02
  2.147907e+00   9.804679e-02   5.643410e-02
  2.153053e+00   1.577137e-01   5.670360e-02
  2.158200e+00   4.212117e-02   5.676861e-02
  2.163347e+00   2.063249e-01   5.753145e-02
  2.168493e+00   2.034214e-01   5.739188e-02
  2.173640e+00   8.889780e-02   5.713248e-02
  2.178786e+00   1.441068e-01   5.649664e-02
  2.183933e+00   1.173637e-01   5.620596e-02
  2.189079e+00   1.316981e-01   5.558687e-02
  2.194226e+00   1.565360e-01   5.500968e-02
  2.199373e+00   2.616399e-01   5.512204e-02
  2.204519e+00   1.716335e-01   5.477530e-02
  2.209666e+00   1.517901e-01   5.486177e-02
  2.214812e+00   1.030381e-01   5.472241e-02
  2.219959e+00   1.435638e-01   5.406581e-02
  2.225105e+00   2.735413e-02   5.429835e-02
  2.230252e+00   1.554529e-01   5.447380e-02
  2.235399e+00   1.046794e-01   5.374897e-02
  2.240545e+00   2.040295e-01   5.392938e-02
  2.245692e+00   6.030619e-02   5.387586e-02
  2.250838e+00   8.134349e-02   5.358774e-02
  2.255985e+00   1.692133e-01   5.367318e-02
  2.261131e+00   1.682421e-01   5.395681e-02
  2.266278e+00   2.049683e-01   5.348535e-02
  2.271425e+00   2.017379e-01   5.382571e-02
  2.276571e+00   1.581270e-01   5.371216e-02
  2.281718e+00   2.258247e-01   5.338525e-02
  2.286864e+00   9.519020e-02   5.352665e-02
  2.292011e+00   1.489428e-01   5.358078e-02
  2.297157e+00   1.928772e-01   5.296134e-02
  2.302304e+00   1.812616e-01   5.325667e-02
  2.307451e+00   2.587987e-02   5.352662e-02
  2.312597e+00   9.287588e-02   5.315742e-02
  2.317744e+00   2.017849e-01   5.298637e-02
  2.322890e+00   1.407273e-01   5.333588e-02
  2.328037e+00   1.356839e-01   5.287893e-02
  2.333183e+00   7.997393e-02   5.288803e-02
  2.338330e+00   1.874688e-01   5.322955e-02
  2.343477e+00   1.653079e-01   5.293455e-02
  2.348623e+00   2.335687e-01   5.270290e-02
  2.353770e+00   1.066691e-01   5.296408e-02
  2.358916e+00   1.642432e-01   5.289881e-02
  2.364063e+00   1.686409e-01   5.257783e-02
  2.369209e+00   1.972798e-01   5.280177e-02
  2.374356e+00   8.826226e-02   5.284392e-02
  2.379503e+00   2.011062e-02   5.230028e-02
  2.384649e+00   1.048148e-01   5.284284e-02
  2.389796e+00   1.845946e-01   5.242290e-02
  2.394942e+00   1.387191e-01   5.230153e-02
  2.400089e+00   1.336014e-01   5.279472e-02
  2.405235e+00   1.710437e-01   5.253580e-02
  2.410382e+00   1.845766e-01   5.229094e-02
  2.415529e+00   1.799065e-01   5.248566e-02
  2.420675e+00   1.554698e-01   5.223286e-02
  2.425822e+00   2.503136e-01   5.218470e-02
  2.430968e+00   1.410429e-01   5.249586e-02
  2.436115e+00   5.571391e-02   5.219960e-02
  2.441261e+00   1.856864e-01   5.190885e-02
  2.446408e+00   6.168624e-02   5.228997e-02
  2.451555e+00   7.173869e-02   5.186138e-02
  2.456701e+00   1.834258e-01   5.169355e-02
  2.461848e+00   1.622206e-01   5.212672e-02
  2.466994e+00   1.492557e-01   5.161381e-02
  2.472141e+00   1.930477e-01   5.150196e-02
  2.477287e+00   7.600694e-02   5.175757e-02
  2.482434e+00   9.217998e-02   5.148887e-02
  2.487581e+00   1.822162e-01   5.118669e-02
  2.492727e+00   1.058793e-01   5.169278e-02
  2.497874e+00   1.198055e-01   5.115685e-02
  2.503020e+00   1.005773e-01   5.108655e-02
  2.508167e+00   1.160320e-01   5.113637e-02
  2.513313e+00   1.405817e-01   5.130521e-02
  2.518460e+00   2.541013e-01   5.096353e-02
  2.523606e+00   1.491306e-01   5.152762e-02
  2.528753e+00   1.950043e-01   5.106273e-02
  2.533900e+00   1.571017e-01   5.103859e-02
  2.539046e+00   2.159498e-01   5.109697e-02
  2.544193e+00   1.693652e-01   5.105145e-02
  2.549339e+00   1.391175e-01   5.081214e-02
  2.554486e+00   1.521023e-01   5.125279e-02
  2.559632e+00   1.633929e-01   5.088114e-02
  2.564779e+00   2.522262e-01   5.073783e-02
  2.569926e+00   1.467763e-01   5.113342e-02
  2.575072e+00   1.543018e-01   5.207102e-02
  2.580219e+00   1.015151e-01   5.228265e-02
  2.585365e+00   8.237103e-02   5.305877e-02
  2.590512e+00   8.251116e-02   5.339905e-02
  2.595658e+00   2.581030e-01   5.331577e-02
  2.600805e+00   1.837274e-01   5.273545e-02
  2.605952e+00   2.093996e-01   5.219918e-02
  2.611098e+00   1.765036e-01   5.174950e-02
  2.616245e+00   1.211761e-01   5.209460e-02
  2.621391e+00   9.640308e-02   5.167892e-02
  2.626538e+00   1.472342e-01   5.129891e-02
  2.631684e+00   7.689285e-02   5.145518e-02
  2.636831e+00   8.388657e-02   5.120789e-02
  2.641978e+00   1.204685e-01   5.098948e-02
  2.647124e+00   7.826739e-02   5.161611e-02
  2.652271e+00   2.262373e-01   5.140791e-02
  2.657417e+00   2.008035e-01   5.115386e-02
  2.662564e+00   1.645014e-01   5.140497e-02
  2.667710e+00   1.715911e-01   5.142303e-02
  2.672857e+00   9.317979e-02   5.099755e-02
  2.678004e+00   1.031660e-01   5.109555e-02
  2.683150e+00   2.703580e-01   5.115647e-02
  2.688297e+00   6.339882e-02   5.076539e-02
  2.693443e+00   2.010944e-01   5.118774e-02
  2.698590e+00   2.403374e-01   5.115204e-02
  2.703736e+00   9.434048e-02   5.085521e-02
  2.708883e+00   1.425484e-01   5.109839e-02
  2.714030e+00   8.645401e-02   5.076757e-02
  2.719176e+00   1.423765e-01   5.052508e-02
  2.724323e+00   1.417093e-01   5.088385e-02
  2.729469e+00   1.806468e-01   5.062858e-02
  2.734616e+00   2.064777e-01   5.062702e-02
  2.739762e+00   8.495502e-02   5.068153e-02
  2.744909e+00   2.154410e-01   5.083015e-02
  2.750056e+00   2.645477e-01   5.036386e-02
  2.755202e+00   1.631991e-01   5.076121e-02
  2.760349e+00   1.540692e-01   5.037811e-02
  2.765495e+00   1.662431e-01   5.032410e-02
  2.770642e+00   1.346637e-01   5.049183e-02
  2.775788e+00   1.725697e-01   5.054084e-02
  2.780935e+00   1.635296e-01   5.016166e-02
  2.786082e+00   1.275933e-01   5.041974e-02
  2.791228e+00   1.700040e-01   5.040600e-02
  2.796375e+00   1.543689e-01   5.035053e-02
  2.801521e+00   1.566988e-01   5.036073e-02
  2.806668e+00   1.071410e-01   5.008055e-02
  2.811814e+00   1.408127e-01   4.989785e-02
  2.816961e+00   1.153474e-01   5.096906e-02
  2.822108e+00   2.119883e-01   5.119977e-02
  2.827254e+00   1.114782e-01   5.129506e-02
  2.832401e+00   1.207197e-01   5.156650e-02
  2.837547e+00   1.898138e-01   5.186653e-02
  2.842694e+00   3.725241e-02   5.159980e-02
  2.847840e+00   2.340252e-01   5.168391e-02
  2.852987e+00   2.092784e-01   5.176174e-02
  2.858134e+00   3.410204e-01   5.156672e-02
  2.863280e+00   1.816720e-01   5.164590e-02
  2.868427e+00   1.715758e-01   5.163726e-02
  2.873573e+00   1.617869e-01   5.145555e-02
  2.878720e+00   1.413058e-01   5.155232e-02
  2.883866e+00   1.895859e-01   5.158697e-02
  2.889013e+00   1.557316e-01   5.128050e-02
  2.894160e+00   1.847521e-01   5.128993e-02
  2.899306e+00   1.556459e-01   5.121495e-02
  2.904453e+00   1.637831e-01   5.098808e-02
  2.909599e+00   2.022159e-01   5.123936e-02
  2.914746e+00   1.868347e-01   5.147706e-02
  2.919892e+00   1.999182e-01   5.112763e-02
  2.925039e+00   2.556186e-01   5.155866e-02
  2.930186e+00   1.329660e-01   5.213431e-02
  2.935332e+00   2.128981e-01   5.291617e-02
  2.940479e+00   2.516167e-01   5.374413e-02
  2.945625e+00   1.896475e-01   5.412559e-02
  2.950772e+00   5.064035e-02   5.430956e-02
  2.955918e+00   1.924375e-01   5.478919e-02
  2.961065e+00   8.043981e-02   5.504347e-02
  2.966212e+00   9.690928e-02   5.542138e-02
  2.971358e+00   9.592537e-02   5.584871e-02
  2.976505e+00   1.072867e-01   5.601146e-02
  2.981651e+00   1.115991e-01   5.608188e-02
  2.986798e+00   2.290466e-01   5.692318e-02
  2.991944e+00   1.685334e-01   5.692779e-02
  2.997091e+00   1.299723e-01   5.554044e-02
  3.002238e+00   9.741519e-02   5.531685e-02
  3.007384e+00   6.375118e-02   5.487495e-02
  3.012531e+00   1.296483e-01   5.444384e-02
  3.017677e+00   2.123845e-01   5.437999e-02
  3.022824e+00   1.778540e-01   5.434144e-02
  3.027970e+00   1.258583e-01   5.386530e-02
  3.033117e+00   1.948165e-01   5.398691e-02
  3.038264e+00   1.840115e-01   5.423390e-02
  3.043410e+00   1.687668e-01   5.360570e-02
  3.048557e+00   1.803555e-01   5.399215e-02
  3.053703e+00   2.002643e-01   5.404553e-02
  3.058850e+00   1.216576e-01   5.400839e-02
  3.063996e+00   6.435402e-02   5.401203e-02
  3.069143e+00   2.155777e-01   5.405493e-02
  3.074290e+00   1.538915e-01   5.363705e-02
  3.079436e+00   5.457420e-02   5.379112e-02
  3.084583e+00   2.138980e-01   5.402352e-02
  3.089729e+00   1.142753e-01   5.354575e-02
  3.094876e+00   1.139643e-01   5.363584e-02
  3.100022e+00   1.220096e-01   5.372241e-02
  3.105169e+00   2.292805e-01   5.360624e-02
  3.110316e+00   1.325153e-01   5.374839e-02
  3.115462e+00   5.914888e-02   5.343761e-02
  3.120609e+00   4.862480e-02   5.295558e-02
  3.125755e+00   1.477279e-01   5.303823e-02
  3.130902e+00   1.766310e-01   5.337865e-02
  3.136048e+00   1.545594e-01   5.260812e-02
  3.141195e+00   2.181871e-01   5.311455e-02
  3.146342e+00   1.400662e-01   5.278730e-02
  3.151488e+00   1.605037e-01   5.233046e-02
  3.156635e+00   2.005542e-01   5.260015e-02
  3.161781e+00   1.594841e-01   5.280693e-02
  3.166928e+00   1.444057e-01   5.225368e-02
  3.172074e+00   1.510927e-01   5.249747e-02
  3.177221e+00   1.106661e-01   5.261622e-02
  3.182368e+00   1.255759e-01   5.232977e-02
  3.187514e+00   1.842531e-01   5.244725e-02
  3.192661e+00   7.473658e-02   5.267315e-02
  3.197807e+00   1.166737e-01   5.206019e-02
  3.202954e+00   8.417742e-02   5.232690e-02
  3.208100e+00   1.322184e-01   5.247553e-02
  3.213247e+00   8.553230e-02   5.192912e-02
  3.218394e+00   1.224752e-01   5.235299e-02
  3.223540e+00   1.516925e-01   5.252190e-02
  3.228687e+00   1.767092e-01   5.195220e-02
  3.233833e+00   1.839278e-01   5.212524e-02
  3.238980e+00   1.904126e-01   5.274616e-02
  3.244126e+00   1.297537e-01   5.189812e-02
  3.249273e+00   1.274281e-01   5.186059e-02
  3.254420e+00   1.240542e-01   5.241728e-02
  3.259566e+00   1.049878e-01   5.175302e-02
  3.264713e+00   8.123077e-02   5.204497e-02
  3.269859e+00   1.297419e-01   5.233395e-02
  3.275006e+00   6.458042e-02   5.178392e-02
  3.280152e+00   3.984641e-02   5.193516e-02
  3.285299e+00   1.924719e-01   5.257605e-02
  3.290446e+00   1.972957e-01   5.179002e-02
  3.295592e+00   1.499216e-02   5.190160e-02
  3.300739e+00   2.433382e-01   5.225865e-02
  3.305885e+00   1.424134e-01   5.165394e-02
  3.311032e+00   2.077728e-01   5.198091e-02
  3.316178e+00   1.557976e-01   5.218345e-02
  3.321325e+00   8.522647e-02   5.161231e-02
  3.326471e+00   2.005955e-01   5.188889e-02
  3.331618e+00   7.387948e-02   5.199127e-02
  3.336765e+00   1.132934e-01   5.133576e-02
  3.341911e+00   1.488731e-01   5.162332e-02
  3.347058e+00   1.482968e-01   5.186192e-02
  3.352204e+00   8.674915e-02   5.133739e-02
  3.357351e+00   9.047016e-02   5.149206e-02
  3.362497e+00   9.603951e-02   5.186498e-02
  3.367644e+00   1.292538e-01   5.128595e-02
  3.372791e+00   1.405437e-01   5.176635e-02
  3.377937e+00   7.792013e-02   5.171364e-02
  3.383084e+00   2.485805e-01   5.158583e-02
  3.388230e+00   8.101223e-02   5.145168e-02
  3.393377e+00   1.656525e-01   5.186007e-02
  3.398523e+00   1.400219e-01   5.142536e-02
  3.403670e+00   1.121014e-01   5.146366e-02
  3.408817e+00   2.723705e-01   5.203927e-02
  3.413963e+00   2.087694e-01   5.155646e-02
  3.419110e+00   1.665179e-01   5.152326e-02
  3.424256e+00   1.798333e-01   5.178453e-02
  3.429403e+00   1.533691e-01   5.115412e-02
  3.434549e+00   1.411997e-01   5.156000e-02
  3.439696e+00   1.214865e-01   5.163940e-02
  3.444843e+00   1.354241e-01   5.138010e-02
  3.449989e+00   5.980932e-02   5.125719e-02
  3.455136e+00   1.205679e-01   5.172800e-02
  3.460282e+00   4.829566e-02   5.119729e-02
  3.465429e+00   1.704588e-01   5.138627e-02
  3.470575e+00   1.067698e-01   5.146844e-02
  3.475722e+00   1.395604e-01   5.122299e-02
  3.480869e+00   1.585963e-01   5.116429e-02
  3.486015e+00   1.073334e-01   5.177215e-02
  3.491162e+00   1.295057e-01   5.100898e-02
  3.496308e+00   1.437591e-01   5.126888e-02
  3.501455e+00   1.665390e-01   5.152708e-02
  3.506601e+00   1.209395e-01   5.130484e-02
  3.511748e+00   1.540125e-01   5.108179e-02
  3.516895e+00   2.014729e-01   5.154623e-02
  3.522041e+00   9.262272e-02   5.110991e-02
  3.527188e+00   1.395845e-01   5.119166e-02
  3.532334e+00   5.294239e-02   5.124639e-02
  3.537481e+00   7.563489e-02   5.130123e-02
  3.542627e+00   2.389667e-01   5.122248e-02
  3.547774e+00   5.641114e-02   5.153382e-02
  3.552921e+00   1.369234e-01   5.119077e-02
  3.558067e+00   4.956515e-02   5.118102e-02
  3.563214e+00   8.608109e-03   5.130969e-02
  3.568360e+00   1.692526e-01   5.128065e-02
  3.573507e+00   1.169739e-01   5.108725e-02
  3.578653e+00   1.693401e-01   5.150141e-02
  3.583800e+00   1.681702e-01   5.118718e-02
  3.588947e+00   5.766566e-02   5.124837e-02
  3.594093e+00   8.165128e-02   5.148167e-02
  3.599240e+00   1.417358e-01   5.141916e-02
  3.604386e+00   1.840456e-01   5.105081e-02
  3.609533e+00   1.567250e-01   5.166569e-02
  3.614679e+00   1.452979e-01   5.108647e-02
  3.619826e+00   2.082419e-01   5.143001e-02
  3.624973e+00   2.123883e-01   5.142732e-02
  3.630119e+00   1.291071e-01   5.131417e-02
  3.635266e+00   2.969193e-02   5.117697e-02
  3.640412e+00   1.677322e-01   5.180347e-02
  3.645559e+00   1.211048e-01   5.124188e-02
  3.650705e+00   6.622600e-02   5.119151e-02
  3.655852e+00   1.198251e-01   5.131585e-02
  3.660999e+00   1.183065e-01   5.123837e-02
  3.666145e+00   1.198204e-01   5.114206e-02
  3.671292e+00   1.673493e-01   5.184308e-02
  3.676438e+00   1.166740e-01   5.103417e-02
  3.681585e+00   1.052549e-01   5.119159e-02
  3.686731e+00   1.398450e-01   5.152688e-02
  3.691878e+00   6.275185e-02   5.124844e-02
  3.697025e+00   1.151528e-01   5.095055e-02
  3.702171e+00   1.005320e-01   5.155439e-02
  3.707318e+00   9.908164e-02   5.106344e-02
  3.712464e+00   9.067097e-02   5.118044e-02
  3.717611e+00   1.653782e-01   5.151630e-02
  3.722757e+00   7.467715e-02   5.103814e-02
  3.727904e+00   6.773791e-02   5.118918e-02
  3.733051e+00   4.365337e-02   5.169281e-02
  3.738197e+00   8.454976e-02   5.097718e-02
  3.743344e+00   2.062981e-02   5.122465e-02
  3.748490e+00   8.757956e-02   5.238982e-02
  3.753637e+00   2.123208e-01   5.306016e-02
  3.758783e+00   1.327758e-02   5.361529e-02
  3.763930e+00   1.383078e-01   5.438208e-02
  3.769077e+00   1.593786e-01   5.447651e-02
  3.774223e+00   1.185344e-01   5.525815e-02
  3.779370e+00   1.460238e-01   5.543645e-02
  3.784516e+00   1.493579e-01   5.504092e-02
  3.789663e+00   4.772847e-02   5.536488e-02
  3.794809e+00   1.544861e-01   5.591865e-02
  3.799956e+00   2.213105e-01   5.555045e-02
  3.805103e+00   5.422759e-03   5.587984e-02
  3.810249e+00   8.980598e-02   5.602811e-02
  3.815396e+00   1.388749e-01   5.423675e-02
  3.820542e+00   1.026238e-01   5.376728e-02
  3.825689e+00   7.652564e-02   5.387770e-02
  3.830835e+00   7.810341e-02   5.292969e-02
  3.835982e+00   8.949488e-02   5.310927e-02
  3.841129e+00   1.312239e-01   5.327489e-02
  3.846275e+00   1.085544e-01   5.292586e-02
  3.851422e+00   1.486713e-01   5.297633e-02
  3.856568e+00   6.715192e-02   5.358309e-02
  3.861715e+00   3.987446e-02   5.249843e-02
  3.866861e+00   8.987849e-02   5.313660e-02
  3.872008e+00   1.508475e-01   5.340245e-02
  3.877155e+00   1.496875e-01   5.298062e-02
  3.882301e+00   7.817890e-02   5.298947e-02
  3.887448e+00   1.739295e-01   5.334293e-02
  3.892594e+00   1.222576e-01   5.278608e-02
  3.897741e+00   1.962331e-02   5.301556e-02
  3.902887e+00   7.925856e-02   5.332242e-02
  3.908034e+00   1.174921e-01   5.278578e-02
  3.913181e+00   1.223541e-01   5.306567e-02
  3.918327e+00   1.550445e-01   5.330482e-02
  3.923474e+00   1.516971e-01   5.276098e-02
  3.928620e+00   1.264579e-01   5.305435e-02
  3.933767e+00   9.784397e-02   5.321360e-02
  3.938913e+00   1.268695e-01   5.291792e-02
  3.944060e+00   7.782175e-02   5.299211e-02
  3.949207e+00   1.354532e-01   5.353609e-02
  3.954353e+00   9.304777e-02   5.292692e-02
  3.959500e+00   3.347108e-02   5.351815e-02
  3.964646e+00   1.389644e-01   5.369519e-02
  3.969793e+00   1.177372e-01   5.308611e-02
  3.974939e+00   6.865669e-02   5.332007e-02
  3.980086e+00   6.728785e-02   5.365526e-02
  3.985233e+00   1.868348e-01   5.330273e-02
  3.990379e+00   1.393982e-01   5.356813e-02
  3.995526e+00   1.172383e-01   5.367114e-02
  4.000672e+00   9.036142e-02   5.344419e-02
  4.005819e+00   7.519167e-02   5.388756e-02
  4.010965e+00   1.563884e-01   5.377023e-02
  4.016112e+00  -2.560827e-02   5.351398e-02
  4.021259e+00   1.157773e-01   5.383369e-02
  4.026405e+00   4.135463e-02   5.370259e-02
  4.031552e+00   9.374637e-02   5.389456e-02
  4.036698e+00   1.098392e-01   5.393110e-02
  4.041845e+00   1.350909e-01   5.394639e-02
  4.046991e+00   2.002491e-01   5.381557e-02
  4.052138e+00   1.576398e-01   5.435270e-02
  4.057285e+00   9.276942e-02   5.394069e-02
  4.062431e+00   6.125103e-02   5.382753e-02
  4.067578e+00   9.767657e-03   5.409695e-02
  4.072724e+00   1.986872e-01   5.434330e-02
  4.077871e+00   1.485741e-01   5.393478e-02
  4.083017e+00   1.404501e-01   5.453933e-02
  4.088164e+00   3.279852e-02   5.416192e-02
  4.093311e+00   8.473335e-02   5.423557e-02
  4.098457e+00  -1.763557e-02   5.441703e-02
  4.103604e+00   7.168361e-02   5.427935e-02
  4.108750e+00   6.130457e-02   5.426776e-02
  4.113897e+00   1.417910e-01   5.463894e-02
  4.119043e+00   1.715348e-01   5.453943e-02
  4.124190e+00   1.534617e-01   5.430192e-02
  4.129336e+00   1.107271e-01   5.466810e-02
  4.134483e+00   9.224365e-02   5.448397e-02
  4.139630e+00   1.409741e-01   5.465425e-02
  4.144776e+00  -3.521169e-02   5.467765e-02
  4.149923e+00   9.214696e-02   5.462390e-02
  4.155069e+00   1.423317e-01   5.450910e-02
  4.160216e+00   1.245163e-01   5.490685e-02
  4.165362e+00   5.996990e-02   5.482407e-02
  4.170509e+00   1.587083e-02   5.460845e-02
  4.175656e+00   1.008536e-01   5.497731e-02
  4.180802e+00   6.039736e-02   5.480260e-02
  4.185949e+00   5.181207e-02   5.526049e-02
  4.191095e+00   1.148819e-01   5.567625e-02
  4.196242e+00   6.205223e-02   5.552165e-02
  4.201388e+00   1.413176e-02   5.578259e-02
  4.206535e+00   6.754712e-02   5.621956e-02
  4.211682e+00   1.392920e-01   5.641116e-02
  4.216828e+00   8.691458e-02   5.649042e-02
  4.221975e+00   9.449318e-02   5.668191e-02
  4.227121e+00   2.168987e-01   5.687806e-02
  4.232268e+00   6.216611e-02   5.693662e-02
  4.237414e+00   1.795713e-01   5.716060e-02
  4.242561e+00   9.990394e-02   5.738235e-02
  4.247708e+00   8.571663e-02   5.738597e-02
  4.252854e+00   1.660590e-01   5.757765e-02
  4.258001e+00   9.307418e-02   5.737967e-02
  4.263147e+00   4.879028e-02   5.787738e-02
  4.268294e+00  -6.225755e-03   5.786917e-02
  4.273440e+00   9.366953e-02   5.830778e-02
  4.278587e+00   5.762554e-02   5.819647e-02
  4.283734e+00   1.194165e-01   5.857912e-02
  4.288880e+00   1.083289e-01   5.847650e-02
  4.294027e+00   1.167557e-01   5.856959e-02
  4.299173e+00   5.420359e-02   5.887763e-02
  4.304320e+00   1.581914e-01   5.869460e-02
  4.309466e+00   1.112176e-01   5.865916e-02
  4.314613e+00   2.174600e-02   5.869319e-02
  4.319760e+00   3.849732e-02   5.869595e-02
  4.324906e+00   1.848613e-01   5.914917e-02
  4.330053e+00   1.197595e-01   5.905252e-02
  4.335199e+00   1.113279e-01   5.915622e-02
  4.340346e+00   2.687275e-01   5.920751e-02
  4.345492e+00   1.963645e-01   5.914059e-02
  4.350639e+00   9.252153e-02   5.917937e-02
  4.355786e+00   6.578086e-02   5.964044e-02
  4.360932e+00   1.602936e-01   5.953715e-02
  4.366079e+00   1.170526e-01   5.951991e-02
  4.371225e+00   3.025676e-02   5.964959e-02
  4.376372e+00   1.796463e-01   6.006516e-02
  4.381518e+00   1.150058e-01   5.980070e-02
  4.386665e+00   6.130373e-02   5.991362e-02
  4.391812e+00   1.878177e-02   5.964991e-02
  4.396958e+00   2.172085e-01   5.996717e-02
  4.402105e+00   1.164872e-01   5.994711e-02
  4.407251e+00   7.427729e-02   6.024860e-02
  4.412398e+00   3.554375e-02   6.019071e-02
  4.417544e+00   4.265540e-02   6.049291e-02
  4.422691e+00   7.169879e-02   6.062579e-02
  4.427838e+00   1.551612e-01   6.091679e-02
  4.432984e+00   5.029735e-03   6.077111e-02
  4.438131e+00   1.467556e-01   6.157234e-02
  4.443277e+00   8.111728e-02   6.127414e-02
  4.448424e+00   1.295055e-01   6.171922e-02
  4.453570e+00   1.029476e-01   6.165706e-02
  4.458717e+00  -2.009298e-02   6.214997e-02
  4.463864e+00   4.044228e-02   6.220888e-02
  4.469010e+00   1.141059e-01   6.295181e-02
  4.474157e+00   1.620463e-02   6.248203e-02
  4.479303e+00   3.857384e-02   6.266457e-02
  4.484450e+00   7.852760e-02   6.309952e-02
  4.489596e+00   4.232882e-02   6.299833e-02
  4.494743e+00   7.094664e-02   6.334610e-02
  4.499890e+00   1.213807e-01   6.364675e-02
  4.505036e+00   1.021438e-01   6.370037e-02
  4.510183e+00   1.100684e-01   6.397221e-02
  4.515329e+00   9.917298e-02   6.447603e-02
  4.520476e+00   1.976680e-01   6.448874e-02
  4.525622e+00   2.158333e-01   6.436629e-02
  4.530769e+00   3.261872e-02   6.458578e-02
  4.535916e+00   2.572814e-01   6.500529e-02
  4.541062e+00   1.195961e-01   6.503112e-02
  4.546209e+00   1.108474e-01   6.533713e-02
  4.551355e+00   1.558074e-01   6.517081e-02
  4.556502e+00   1.873095e-01   6.537521e-02
  4.561648e+00   1.733173e-01   6.581792e-02
  4.566795e+00   2.343754e-02   6.564149e-02
  4.571942e+00   1.172087e-01   6.571880e-02
  4.577088e+00   2.234515e-01   6.604073e-02
  4.582235e+00   1.929750e-02   6.645456e-02
  4.587381e+00   2.694606e-02   6.686617e-02
  4.592528e+00   1.744987e-01   6.670994e-02
  4.597674e+00   1.756147e-01   6.750752e-02
  4.602821e+00   1.010996e-01   6.742818e-02
  4.607968e+00  -2.163587e-02   6.810687e-02
  4.613114e+00   5.688798e-02   6.811061e-02
  4.618261e+00   5.797530e-02   6.792424e-02
  4.623407e+00   7.001606e-02   6.797945e-02
  4.628554e+00   1.530375e-02   6.799657e-02
  4.633700e+00   5.044482e-02   6.822179e-02
  4.638847e+00   1.631262e-01   6.839949e-02
  4.643994e+00   1.182140e-01   6.853767e-02
  4.649140e+00   1.261960e-01   6.870681e-02
  4.654287e+00   2.377405e-01   6.884609e-02
  4.659433e+00   1.531173e-01   6.898291e-02
  4.664580e+00   1.085420e-01   6.871927e-02
  4.669726e+00   4.158844e-02   6.878875e-02
  4.674873e+00   4.939354e-02   6.869919e-02
  4.680020e+00   1.104030e-01   6.909024e-02
  4.685166e+00   2.547697e-02   6.949329e-02
  4.690313e+00   2.441452e-01   6.965448e-02
  4.695459e+00   5.254636e-02   6.972412e-02
  4.700606e+00   1.388747e-01   7.034787e-02
  4.705752e+00   4.885664e-02   7.045746e-02
  4.710899e+00   1.018479e-02   7.034481e-02
  4.716046e+00  -8.194236e-02   7.060214e-02
  4.721192e+00   9.640204e-02   7.101619e-02
  4.726339e+00   6.526667e-02   7.111117e-02
  4.731485e+00   6.445444e-02   7.147900e-02
  4.736632e+00   2.107835e-01   7.153094e-02
  4.741778e+00   1.783802e-01   7.204761e-02
  4.746925e+00  -6.282288e-04   7.225255e-02
  4.752072e+00   3.603921e-03   7.259255e-02
  4.757218e+00   7.459557e-02   7.239800e-02
  4.762365e+00   1.740260e-01   7.284386e-02
  4.767511e+00   7.006409e-02   7.290583e-02
  4.772658e+00   2.257617e-02   7.310060e-02
  4.777804e+00   9.714658e-02   7.364407e-02
  4.782951e+00   4.437187e-02   7.392455e-02
  4.788098e+00   4.666067e-02   7.387126e-02
  4.793244e+00   5.762687e-02   7.434933e-02
  4.798391e+00  -1.660225e-02   7.493418e-02
  4.803537e+00   1.387184e-01   7.451808e-02
  4.808684e+00   6.352820e-02   7.497530e-02
  4.813830e+00  -3.945554e-03   7.520542e-02
  4.818977e+00   1.862934e-01   7.526823e-02
  4.824124e+00   7.515211e-02   7.563727e-02
  4.829270e+00   7.592288e-02   7.594537e-02
  4.834417e+00   1.636227e-01   7.642860e-02
  4.839563e+00   9.781489e-02   7.676042e-02
  4.844710e+00  -3.231811e-02   7.698156e-02
  4.849856e+00   7.943070e-02   7.668750e-02
  4.855003e+00   1.052645e-01   7.700954e-02
  4.860150e+00   1.094646e-01   7.745250e-02
  4.865296e+00   1.294768e-01   7.761614e-02
  4.870443e+00   1.082441e-01   7.795883e-02
  4.875589e+00   1.602454e-01   7.815954e-02
  4.880736e+00   1.461555e-01   7.845612e-02
  4.885882e+00   2.155267e-01   7.897327e-02
  4.891029e+00   1.732882e-01   7.968466e-02
  4.896176e+00   8.017525e-02   7.925036e-02
  4.901322e+00  -1.845739e-02   7.927787e-02
  4.906469e+00   6.697273e-02   7.962536e-02
  4.911615e+00   4.645648e-02   7.981469e-02
  4.916762e+00  -7.253640e-02   7.991547e-02
  4.921908e+00   1.447759e-01   8.085453e-02
  4.927055e+00  -7.551995e-02   8.043307e-02
  4.932201e+00  -3.578383e-02   8.123009e-02
  4.937348e+00   9.298389e-02   8.132831e-02
  4.942495e+00   2.412968e-01   8.188267e-02
  4.947641e+00   8.964769e-02   8.157065e-02
  4.952788e+00   7.088962e-02   8.166927e-02
  4.957934e+00  -7.642719e-02   8.161149e-02
  4.963081e+00  -1.393905e-02   8.182517e-02
  4.968227e+00   2.356757e-01   8.195421e-02
  4.973374e+00   1.837534e-01   8.224233e-02
  4.978521e+00   8.563741e-02   8.248949e-02
  4.983667e+00   1.502464e-01   8.282590e-02
  4.988814e+00   1.597335e-01   8.363607e-02
  4.993960e+00   1.089546e-01   8.288988e-02
  4.999107e+00   4.400702e-02   8.314621e-02
  5.004253e+00   2.509428e-02   8.381434e-02
  5.009400e+00   7.251879e-02   8.478874e-02
  5.014547e+00   5.662060e-02   8.552798e-02
  5.019693e+00   1.759115e-01   8.576734e-02
  5.024840e+00   6.699867e-02   8.760806e-02
  5.029986e+00  -1.149099e-02   8.777607e-02
  5.035133e+00   2.142941e-01   9.012627e-02
  5.040279e+00   1.883381e-01   9.013241e-02
  5.045426e+00   6.004613e-02   9.106670e-02
  5.050573e+00   1.826903e-02   9.144616e-02
  5.055719e+00   2.544581e-02   9.287111e-02
  5.060866e+00   1.242045e-01   9.426751e-02
  5.066012e+00   1.701767e-02   9.470324e-02
  5.071159e+00   1.489680e-01   9.635957e-02
  5.076305e+00   9.050917e-02   9.732475e-02
  5.081452e+00  -1.249795e-02   9.926036e-02
  5.086599e+00  -9.980089e-02   9.923172e-02
  5.091745e+00   9.628214e-02   1.026661e-01
  5.096892e+00   1.888746e-01   1.064098e-01
  5.102038e+00   5.340197e-02   1.088838e-01
  5.107185e+00  -1.306376e-01   1.121814e-01
  5.112331e+00   1.924664e-01   1.150845e-01
  5.117478e+00   2.284468e-01   1.167375e-01
  5.122625e+00   5.626906e-02   1.196104e-01
  5.127771e+00  -7.236039e-02   1.218821e-01
  5.132918e+00   1.268563e-02   1.258539e-01
  5.138064e+00   1.192360e-01   1.239662e-01
  5.143211e+00   5.244843e-02   1.241985e-01
  5.148357e+00   4.604224e-02   1.258465e-01
  5.153504e+00   1.586895e-01   1.271273e-01
  5.158651e+00  -3.016463e-02   1.291431e-01
  5.163797e+00   2.874262e-01   1.495089e-01
  5.168944e+00  -1.448493e-01   1.886425e-01
  5.174090e+00   1.616181e-02   2.150189e-01
  5.179237e+00  -3.081066e-01   3.774280e-01
range-from: 28
range-to: 1000
