Sample description: 
Sample:   c= 0 mg/ml  Code: 
  1.767703e-01   5.716121e+00   1.105473e-01
  1.819169e-01   5.602693e+00   1.064915e-01
  1.870635e-01   5.729444e+00   1.040547e-01
  1.922101e-01   5.484699e+00   9.978467e-02
  1.973566e-01   5.747133e+00   9.698991e-02
  2.025032e-01   5.523191e+00   9.409895e-02
  2.076498e-01   5.523658e+00   9.249517e-02
  2.127963e-01   5.448385e+00   9.006925e-02
  2.179429e-01   5.427874e+00   8.644536e-02
  2.230895e-01   5.447185e+00   8.460284e-02
  2.282360e-01   5.490123e+00   8.299898e-02
  2.333826e-01   5.416527e+00   8.137090e-02
  2.385292e-01   5.345661e+00   8.012897e-02
  2.436758e-01   5.547591e+00   7.812333e-02
  2.488223e-01   5.322866e+00   7.649932e-02
  2.539689e-01   5.362953e+00   7.486548e-02
  2.591155e-01   5.335599e+00   7.374125e-02
  2.642620e-01   5.298816e+00   7.208889e-02
  2.694086e-01   5.394984e+00   7.078064e-02
  2.745552e-01   5.293371e+00   6.960163e-02
  2.797018e-01   5.221375e+00   6.860376e-02
  2.848483e-01   5.208551e+00   6.738760e-02
  2.899949e-01   5.142010e+00   6.733393e-02
  2.951415e-01   5.123677e+00   6.804626e-02
  3.002880e-01   5.067078e+00   6.794076e-02
  3.054346e-01   4.975015e+00   6.772503e-02
  3.105812e-01   5.087076e+00   6.758804e-02
  3.157277e-01   5.062159e+00   6.724176e-02
  3.208743e-01   5.131466e+00   6.634338e-02
  3.260209e-01   5.013129e+00   6.668676e-02
  3.311675e-01   4.927005e+00   6.607785e-02
  3.363140e-01   5.018645e+00   6.644076e-02
  3.414606e-01   4.962577e+00   6.570462e-02
  3.466072e-01   4.995262e+00   6.503223e-02
  3.517537e-01   4.897747e+00   6.468810e-02
  3.569003e-01   5.036738e+00   6.328848e-02
  3.620469e-01   5.011275e+00   6.131802e-02
  3.671934e-01   4.848964e+00   6.023749e-02
  3.723400e-01   4.784277e+00   5.996154e-02
  3.774866e-01   4.745422e+00   5.883891e-02
  3.826332e-01   4.711111e+00   5.793838e-02
  3.877797e-01   4.670469e+00   5.767781e-02
  3.929263e-01   4.584702e+00   5.670053e-02
  3.980729e-01   4.682379e+00   5.620794e-02
  4.032194e-01   4.638594e+00   5.550612e-02
  4.083660e-01   4.708801e+00   5.439559e-02
  4.135126e-01   4.552278e+00   5.409116e-02
  4.186592e-01   4.564318e+00   5.387572e-02
  4.238057e-01   4.558800e+00   5.300237e-02
  4.289523e-01   4.441321e+00   5.251602e-02
  4.340989e-01   4.463489e+00   5.228898e-02
  4.392454e-01   4.359272e+00   5.189310e-02
  4.443920e-01   4.426969e+00   5.129650e-02
  4.495386e-01   4.320269e+00   5.103076e-02
  4.546851e-01   4.329360e+00   5.023061e-02
  4.598317e-01   4.339411e+00   5.003016e-02
  4.649783e-01   4.129020e+00   5.004683e-02
  4.701249e-01   4.231892e+00   5.056224e-02
  4.752714e-01   4.274326e+00   5.059757e-02
  4.804180e-01   4.186741e+00   5.105892e-02
  4.855646e-01   4.154210e+00   5.070441e-02
  4.907111e-01   4.080600e+00   5.091840e-02
  4.958577e-01   4.100998e+00   5.087895e-02
  5.010043e-01   4.043582e+00   5.081113e-02
  5.061509e-01   4.090988e+00   5.094401e-02
  5.112974e-01   3.972683e+00   5.129242e-02
  5.164440e-01   3.979124e+00   5.047365e-02
  5.215906e-01   4.021965e+00   5.046360e-02
  5.267371e-01   3.902698e+00   5.042198e-02
  5.318837e-01   3.994498e+00   5.036898e-02
  5.370303e-01   3.885324e+00   4.867214e-02
  5.421768e-01   3.840568e+00   4.826168e-02
  5.473234e-01   3.836876e+00   4.781259e-02
  5.524700e-01   3.715935e+00   4.695059e-02
  5.576166e-01   3.762449e+00   4.695689e-02
  5.627631e-01   3.730097e+00   4.644789e-02
  5.679097e-01   3.759179e+00   4.583340e-02
  5.730563e-01   3.613918e+00   4.545235e-02
  5.782028e-01   3.638492e+00   4.529202e-02
  5.833494e-01   3.686339e+00   4.469124e-02
  5.884960e-01   3.521568e+00   4.453500e-02
  5.936426e-01   3.534501e+00   4.466852e-02
  5.987891e-01   3.447749e+00   4.364115e-02
  6.039357e-01   3.511494e+00   4.376679e-02
  6.090823e-01   3.531470e+00   4.358287e-02
  6.142288e-01   3.440638e+00   4.290896e-02
  6.193754e-01   3.375809e+00   4.270432e-02
  6.245220e-01   3.377209e+00   4.264422e-02
  6.296685e-01   3.292133e+00   4.220354e-02
  6.348151e-01   3.287760e+00   4.211525e-02
  6.399617e-01   3.264310e+00   4.207502e-02
  6.451083e-01   3.261371e+00   4.151320e-02
  6.502548e-01   3.229847e+00   4.126880e-02
  6.554014e-01   3.140802e+00   4.108909e-02
  6.605480e-01   3.175298e+00   4.119021e-02
  6.656945e-01   3.191135e+00   4.166837e-02
  6.708411e-01   3.148331e+00   4.204779e-02
  6.759877e-01   3.070924e+00   4.187504e-02
  6.811343e-01   3.085566e+00   4.191084e-02
  6.862808e-01   3.087529e+00   4.197098e-02
  6.914274e-01   2.949055e+00   4.084628e-02
  6.965740e-01   2.969312e+00   4.037586e-02
  7.017205e-01   2.915964e+00   4.039390e-02
  7.068671e-01   3.002774e+00   3.987487e-02
  7.120137e-01   2.899062e+00   3.948514e-02
  7.171602e-01   2.873969e+00   3.961518e-02
  7.223068e-01   2.887774e+00   3.906914e-02
  7.274534e-01   2.891570e+00   3.872539e-02
  7.326000e-01   2.863341e+00   3.879862e-02
  7.377465e-01   2.786022e+00   3.814618e-02
  7.428931e-01   2.690489e+00   3.790427e-02
  7.480397e-01   2.695159e+00   3.787307e-02
  7.531862e-01   2.729068e+00   3.749808e-02
  7.583328e-01   2.646101e+00   3.750221e-02
  7.634794e-01   2.715063e+00   3.766527e-02
  7.686259e-01   2.706651e+00   3.728110e-02
  7.737725e-01   2.658116e+00   3.702487e-02
  7.789191e-01   2.580718e+00   3.711452e-02
  7.840657e-01   2.533944e+00   3.663798e-02
  7.892122e-01   2.491296e+00   3.648169e-02
  7.943588e-01   2.524194e+00   3.660061e-02
  7.995054e-01   2.445658e+00   3.620470e-02
  8.046519e-01   2.407546e+00   3.609159e-02
  8.097985e-01   2.479927e+00   3.613089e-02
  8.149451e-01   2.473592e+00   3.557358e-02
  8.200917e-01   2.387677e+00   3.557274e-02
  8.252382e-01   2.342168e+00   3.550850e-02
  8.303848e-01   2.406921e+00   3.504769e-02
  8.355314e-01   2.345908e+00   3.494641e-02
  8.406779e-01   2.248735e+00   3.487085e-02
  8.458245e-01   2.261693e+00   3.474117e-02
  8.509711e-01   2.216519e+00   3.461493e-02
  8.561176e-01   2.176191e+00   3.453936e-02
  8.612642e-01   2.157782e+00   3.437245e-02
  8.664108e-01   2.139284e+00   3.418177e-02
  8.715574e-01   2.207660e+00   3.433715e-02
  8.767039e-01   2.147215e+00   3.393145e-02
  8.818505e-01   2.119556e+00   3.390079e-02
  8.869971e-01   2.080477e+00   3.367510e-02
  8.921436e-01   1.993488e+00   3.381507e-02
  8.972902e-01   2.043024e+00   3.339716e-02
  9.024368e-01   1.988288e+00   3.353157e-02
  9.075834e-01   2.023407e+00   3.337878e-02
  9.127299e-01   1.999372e+00   3.303014e-02
  9.178765e-01   1.938094e+00   3.315255e-02
  9.230231e-01   1.891244e+00   3.366615e-02
  9.281696e-01   1.892381e+00   3.329042e-02
  9.333162e-01   1.856787e+00   3.363608e-02
  9.384628e-01   1.844747e+00   3.360470e-02
  9.436093e-01   1.800772e+00   3.327761e-02
  9.487559e-01   1.791736e+00   3.353742e-02
  9.539025e-01   1.771966e+00   3.364470e-02
  9.590491e-01   1.769124e+00   3.330545e-02
  9.641956e-01   1.739910e+00   3.344385e-02
  9.693422e-01   1.708655e+00   3.350675e-02
  9.744888e-01   1.736571e+00   3.325459e-02
  9.796353e-01   1.669671e+00   3.326954e-02
  9.847819e-01   1.701035e+00   3.339366e-02
  9.899285e-01   1.620813e+00   3.311134e-02
  9.950751e-01   1.662455e+00   3.327723e-02
  1.000222e+00   1.640637e+00   3.325994e-02
  1.005368e+00   1.627423e+00   3.323124e-02
  1.010515e+00   1.618964e+00   3.362208e-02
  1.015661e+00   1.509648e+00   3.381998e-02
  1.020808e+00   1.526187e+00   3.373407e-02
  1.025954e+00   1.467580e+00   3.381154e-02
  1.031101e+00   1.472931e+00   3.385644e-02
  1.036248e+00   1.527094e+00   3.388628e-02
  1.041394e+00   1.525622e+00   3.395747e-02
  1.046541e+00   1.465739e+00   3.393636e-02
  1.051687e+00   1.502451e+00   3.372166e-02
  1.056834e+00   1.421062e+00   3.373858e-02
  1.061980e+00   1.380889e+00   3.377799e-02
  1.067127e+00   1.403406e+00   3.367919e-02
  1.072274e+00   1.384337e+00   3.341075e-02
  1.077420e+00   1.357994e+00   3.360971e-02
  1.082567e+00   1.330605e+00   3.342263e-02
  1.087713e+00   1.289342e+00   3.328906e-02
  1.092860e+00   1.337417e+00   3.338010e-02
  1.098006e+00   1.300742e+00   3.323882e-02
  1.103153e+00   1.309250e+00   3.326106e-02
  1.108300e+00   1.258733e+00   3.325532e-02
  1.113446e+00   1.279849e+00   3.358789e-02
  1.118593e+00   1.210500e+00   3.355762e-02
  1.123739e+00   1.214101e+00   3.385935e-02
  1.128886e+00   1.253633e+00   3.374205e-02
  1.134032e+00   1.238160e+00   3.366437e-02
  1.139179e+00   1.220602e+00   3.373160e-02
  1.144326e+00   1.149267e+00   3.358576e-02
  1.149472e+00   1.136079e+00   3.380979e-02
  1.154619e+00   1.077085e+00   3.357673e-02
  1.159765e+00   1.138117e+00   3.368143e-02
  1.164912e+00   1.123381e+00   3.344819e-02
  1.170058e+00   1.047431e+00   3.349185e-02
  1.175205e+00   1.053399e+00   3.329880e-02
  1.180352e+00   1.088912e+00   3.301455e-02
  1.185498e+00   9.953898e-01   3.290153e-02
  1.190645e+00   1.031522e+00   3.275269e-02
  1.195791e+00   1.036622e+00   3.256186e-02
  1.200938e+00   9.862650e-01   3.246280e-02
  1.206084e+00   1.023526e+00   3.221875e-02
  1.211231e+00   1.024345e+00   3.207636e-02
  1.216378e+00   9.019329e-01   3.204796e-02
  1.221524e+00   9.392914e-01   3.188728e-02
  1.226671e+00   9.466516e-01   3.207362e-02
  1.231817e+00   9.515637e-01   3.277602e-02
  1.236964e+00   8.763146e-01   3.256590e-02
  1.242110e+00   9.366059e-01   3.255658e-02
  1.247257e+00   9.321238e-01   3.280777e-02
  1.252404e+00   8.697055e-01   3.261824e-02
  1.257550e+00   9.167032e-01   3.273043e-02
  1.262697e+00   8.904294e-01   3.269337e-02
  1.267843e+00   8.345972e-01   3.267439e-02
  1.272990e+00   8.079442e-01   3.258971e-02
  1.278136e+00   8.219261e-01   3.296825e-02
  1.283283e+00   7.615334e-01   3.248857e-02
  1.288430e+00   8.277803e-01   3.283134e-02
  1.293576e+00   7.763566e-01   3.348114e-02
  1.298723e+00   7.658568e-01   3.353029e-02
  1.303869e+00   7.644664e-01   3.382198e-02
  1.309016e+00   7.454995e-01   3.410642e-02
  1.314162e+00   7.279570e-01   3.407154e-02
  1.319309e+00   7.575346e-01   3.446458e-02
  1.324456e+00   7.770040e-01   3.453859e-02
  1.329602e+00   7.435575e-01   3.427762e-02
  1.334749e+00   6.903408e-01   3.468233e-02
  1.339895e+00   6.762558e-01   3.465010e-02
  1.345042e+00   6.977212e-01   3.460759e-02
  1.350188e+00   7.044432e-01   3.486526e-02
  1.355335e+00   5.935185e-01   3.471390e-02
  1.360482e+00   6.826698e-01   3.419204e-02
  1.365628e+00   7.184708e-01   3.379716e-02
  1.370775e+00   6.538473e-01   3.382431e-02
  1.375921e+00   6.297376e-01   3.355497e-02
  1.381068e+00   6.218470e-01   3.331947e-02
  1.386214e+00   5.810618e-01   3.358156e-02
  1.391361e+00   6.523207e-01   3.304595e-02
  1.396508e+00   5.898803e-01   3.314191e-02
  1.401654e+00   5.808860e-01   3.314313e-02
  1.406801e+00   5.602374e-01   3.325346e-02
  1.411947e+00   6.228040e-01   3.282362e-02
  1.417094e+00   5.895956e-01   3.302036e-02
  1.422240e+00   6.272202e-01   3.278487e-02
  1.427387e+00   5.448654e-01   3.263863e-02
  1.432534e+00   5.499212e-01   3.279047e-02
  1.437680e+00   5.201478e-01   3.259601e-02
  1.442827e+00   5.329035e-01   3.239602e-02
  1.447973e+00   4.645395e-01   3.273936e-02
  1.453120e+00   5.279125e-01   3.250234e-02
  1.458266e+00   5.327091e-01   3.224998e-02
  1.463413e+00   4.362308e-01   3.237022e-02
  1.468560e+00   5.251387e-01   3.215524e-02
  1.473706e+00   5.280975e-01   3.207926e-02
  1.478853e+00   4.332659e-01   3.225183e-02
  1.483999e+00   5.069339e-01   3.208079e-02
  1.489146e+00   4.135509e-01   3.199935e-02
  1.494292e+00   4.739206e-01   3.203260e-02
  1.499439e+00   4.471613e-01   3.193895e-02
  1.504586e+00   4.279427e-01   3.180299e-02
  1.509732e+00   4.454053e-01   3.202565e-02
  1.514879e+00   4.451836e-01   3.181050e-02
  1.520025e+00   4.176145e-01   3.170562e-02
  1.525172e+00   4.134270e-01   3.195705e-02
  1.530318e+00   4.372582e-01   3.169890e-02
  1.535465e+00   4.392983e-01   3.180196e-02
  1.540612e+00   3.719031e-01   3.173010e-02
  1.545758e+00   3.323126e-01   3.158583e-02
  1.550905e+00   4.034987e-01   3.164379e-02
  1.556051e+00   4.323318e-01   3.157494e-02
  1.561198e+00   3.916406e-01   3.154106e-02
  1.566344e+00   3.381081e-01   3.138074e-02
  1.571491e+00   4.264444e-01   3.149765e-02
  1.576638e+00   3.931642e-01   3.160010e-02
  1.581784e+00   3.467249e-01   3.122728e-02
  1.586931e+00   3.694546e-01   3.132686e-02
  1.592077e+00   3.351502e-01   3.136350e-02
  1.597224e+00   3.458522e-01   3.122423e-02
  1.602370e+00   3.753158e-01   3.125193e-02
  1.607517e+00   2.647222e-01   3.127259e-02
  1.612664e+00   3.023617e-01   3.112233e-02
  1.617810e+00   3.069723e-01   3.117250e-02
  1.622957e+00   4.157496e-01   3.111879e-02
  1.628103e+00   2.632801e-01   3.085614e-02
  1.633250e+00   2.891891e-01   3.109598e-02
  1.638396e+00   2.955876e-01   3.108293e-02
  1.643543e+00   3.168840e-01   3.081898e-02
  1.648690e+00   2.990367e-01   3.089299e-02
  1.653836e+00   2.874583e-01   3.099176e-02
  1.658983e+00   2.772050e-01   3.068226e-02
  1.664129e+00   2.512825e-01   3.106250e-02
  1.669276e+00   2.682715e-01   3.087130e-02
  1.674422e+00   2.711350e-01   3.064460e-02
  1.679569e+00   2.781659e-01   3.078769e-02
  1.684716e+00   2.546602e-01   3.088424e-02
  1.689862e+00   2.486266e-01   3.050712e-02
  1.695009e+00   2.428918e-01   3.066949e-02
  1.700155e+00   2.402506e-01   3.072306e-02
  1.705302e+00   2.275912e-01   3.050760e-02
  1.710448e+00   2.075099e-01   3.070301e-02
  1.715595e+00   2.595789e-01   3.057943e-02
  1.720741e+00   2.623169e-01   3.035293e-02
  1.725888e+00   1.820817e-01   3.045366e-02
  1.731035e+00   1.729357e-01   3.046258e-02
  1.736181e+00   1.929869e-01   3.026649e-02
  1.741328e+00   2.305058e-01   3.032398e-02
  1.746474e+00   2.634016e-01   3.043673e-02
  1.751621e+00   2.095207e-01   3.025095e-02
  1.756767e+00   2.263297e-01   3.004239e-02
  1.761914e+00   1.862376e-01   3.019780e-02
  1.767061e+00   2.271322e-01   2.983425e-02
  1.772207e+00   1.878866e-01   2.992040e-02
  1.777354e+00   2.061573e-01   3.013220e-02
  1.782500e+00   2.181782e-01   2.999254e-02
  1.787647e+00   2.231095e-01   2.983127e-02
  1.792793e+00   2.104725e-01   3.010935e-02
  1.797940e+00   2.106307e-01   2.985537e-02
  1.803087e+00   1.908525e-01   2.983673e-02
  1.808233e+00   1.701423e-01   2.987501e-02
  1.813380e+00   2.364088e-01   2.984870e-02
  1.818526e+00   1.841156e-01   2.950582e-02
  1.823673e+00   1.846690e-01   2.980799e-02
  1.828819e+00   1.807900e-01   2.972784e-02
  1.833966e+00   1.854178e-01   2.967907e-02
  1.839113e+00   1.755168e-01   2.977381e-02
  1.844259e+00   1.897964e-01   2.968900e-02
  1.849406e+00   1.662339e-01   2.941049e-02
  1.854552e+00   1.469668e-01   2.977535e-02
  1.859699e+00   2.000010e-01   2.965542e-02
  1.864845e+00   1.378518e-01   2.956774e-02
  1.869992e+00   1.548333e-01   2.971054e-02
  1.875139e+00   1.875987e-01   2.957968e-02
  1.880285e+00   1.181510e-01   2.948917e-02
  1.885432e+00   1.329443e-01   2.964940e-02
  1.890578e+00   1.254190e-01   2.945925e-02
  1.895725e+00   1.298051e-01   2.937732e-02
  1.900871e+00   1.306363e-01   2.961103e-02
  1.906018e+00   1.005658e-01   2.942056e-02
  1.911165e+00   1.598265e-01   2.937594e-02
  1.916311e+00   1.301572e-01   2.954870e-02
  1.921458e+00   1.319802e-01   2.950389e-02
  1.926604e+00   1.337008e-01   2.941794e-02
  1.931751e+00   1.884717e-01   2.958430e-02
  1.936897e+00   1.230356e-01   2.938190e-02
  1.942044e+00   1.630140e-01   2.922740e-02
  1.947191e+00   1.307114e-01   2.946601e-02
  1.952337e+00   1.162841e-01   2.934022e-02
  1.957484e+00   1.814296e-01   2.924264e-02
  1.962630e+00   1.575721e-01   2.955998e-02
  1.967777e+00   9.647483e-02   2.938826e-02
  1.972923e+00   1.370001e-01   2.921227e-02
  1.978070e+00   1.432001e-01   2.934706e-02
  1.983217e+00   1.877878e-01   2.927212e-02
  1.988363e+00   1.532352e-01   2.917846e-02
  1.993510e+00   1.120195e-01   2.927511e-02
  1.998656e+00   8.558850e-02   2.925963e-02
  2.003803e+00   1.683665e-01   2.925458e-02
  2.008949e+00   1.465588e-01   2.932821e-02
  2.014096e+00   1.153544e-01   2.926035e-02
  2.019243e+00   1.213751e-01   2.911792e-02
  2.024389e+00   1.196162e-01   2.916847e-02
  2.029536e+00   1.576389e-01   2.914944e-02
  2.034682e+00   1.291885e-01   2.904961e-02
  2.039829e+00   1.639791e-01   2.921189e-02
  2.044975e+00   1.445274e-01   2.910283e-02
  2.050122e+00   1.099875e-01   2.914632e-02
  2.055269e+00   1.230924e-01   2.915377e-02
  2.060415e+00   1.317896e-01   2.912293e-02
  2.065562e+00   1.138639e-01   2.893922e-02
  2.070708e+00   1.378672e-01   2.908295e-02
  2.075855e+00   1.871022e-01   2.906217e-02
  2.081001e+00   1.249940e-01   2.899590e-02
  2.086148e+00   1.343900e-01   2.911618e-02
  2.091295e+00   8.420034e-02   2.896737e-02
  2.096441e+00   1.058163e-01   2.902975e-02
  2.101588e+00   1.389169e-01   2.891574e-02
  2.106734e+00   7.943762e-02   2.897295e-02
  2.111881e+00   1.255631e-01   2.947326e-02
  2.117027e+00   8.471775e-02   2.992519e-02
  2.122174e+00   1.044194e-01   2.997621e-02
  2.127321e+00   1.566398e-01   3.030635e-02
  2.132467e+00   9.089545e-02   3.066612e-02
  2.137614e+00   8.476193e-02   3.063530e-02
  2.142760e+00   1.137468e-01   3.089768e-02
  2.147907e+00   1.216747e-01   3.095024e-02
  2.153053e+00   1.445523e-01   3.108362e-02
  2.158200e+00   1.333083e-01   3.116684e-02
  2.163347e+00   3.906456e-02   3.141189e-02
  2.168493e+00   1.301647e-01   3.140919e-02
  2.173640e+00   1.085668e-01   3.131111e-02
  2.178786e+00   1.027880e-01   3.095346e-02
  2.183933e+00   5.220610e-02   3.077208e-02
  2.189079e+00   9.250985e-02   3.044660e-02
  2.194226e+00   1.381465e-01   3.011455e-02
  2.199373e+00   8.733583e-02   3.012561e-02
  2.204519e+00   1.107550e-01   3.002446e-02
  2.209666e+00   9.333185e-02   3.000959e-02
  2.214812e+00   1.301973e-01   3.001187e-02
  2.219959e+00   1.201448e-01   2.962463e-02
  2.225105e+00   1.147376e-01   2.980582e-02
  2.230252e+00   8.532319e-02   2.978719e-02
  2.235399e+00   6.201594e-02   2.944988e-02
  2.240545e+00   8.686286e-02   2.947306e-02
  2.245692e+00   1.103783e-01   2.959136e-02
  2.250838e+00   7.502260e-02   2.938464e-02
  2.255985e+00   1.161772e-01   2.941199e-02
  2.261131e+00   1.342947e-01   2.957545e-02
  2.266278e+00   1.145122e-01   2.925440e-02
  2.271425e+00   9.415594e-02   2.941900e-02
  2.276571e+00   1.398861e-01   2.942542e-02
  2.281718e+00   1.332877e-01   2.921732e-02
  2.286864e+00   6.898798e-02   2.930910e-02
  2.292011e+00   1.231298e-01   2.939008e-02
  2.297157e+00   1.815134e-01   2.905777e-02
  2.302304e+00   1.390005e-01   2.919020e-02
  2.307451e+00   9.880503e-02   2.934315e-02
  2.312597e+00   9.546916e-02   2.914365e-02
  2.317744e+00   9.064021e-02   2.897159e-02
  2.322890e+00   6.934023e-02   2.919765e-02
  2.328037e+00   5.265937e-02   2.892412e-02
  2.333183e+00   1.163186e-01   2.898840e-02
  2.338330e+00   1.272241e-01   2.916003e-02
  2.343477e+00   1.156672e-01   2.897885e-02
  2.348623e+00   1.396372e-01   2.882916e-02
  2.353770e+00   1.069610e-01   2.904636e-02
  2.358916e+00   9.341804e-02   2.896918e-02
  2.364063e+00   1.450439e-01   2.881986e-02
  2.369209e+00   1.092378e-01   2.890834e-02
  2.374356e+00   1.378094e-01   2.895674e-02
  2.379503e+00   9.579369e-02   2.868875e-02
  2.384649e+00   7.379875e-02   2.892546e-02
  2.389796e+00   9.208869e-02   2.868752e-02
  2.394942e+00   9.290963e-02   2.865729e-02
  2.400089e+00   1.146067e-01   2.893407e-02
  2.405235e+00   1.410320e-01   2.877903e-02
  2.410382e+00   5.858402e-02   2.856862e-02
  2.415529e+00   6.219273e-02   2.870598e-02
  2.420675e+00   8.327398e-02   2.857644e-02
  2.425822e+00   1.045240e-01   2.853854e-02
  2.430968e+00   1.592397e-01   2.876581e-02
  2.436115e+00   7.115806e-02   2.861416e-02
  2.441261e+00   1.455240e-01   2.843210e-02
  2.446408e+00   9.499679e-02   2.866415e-02
  2.451555e+00   7.247230e-02   2.840248e-02
  2.456701e+00   8.182471e-02   2.828302e-02
  2.461848e+00   1.581776e-01   2.857592e-02
  2.466994e+00   1.330590e-01   2.830102e-02
  2.472141e+00   1.578186e-01   2.819819e-02
  2.477287e+00   5.790682e-02   2.835265e-02
  2.482434e+00   1.064329e-01   2.821404e-02
  2.487581e+00   1.176165e-01   2.802222e-02
  2.492727e+00   8.305352e-02   2.829225e-02
  2.497874e+00   1.021705e-01   2.800808e-02
  2.503020e+00   1.040556e-01   2.802167e-02
  2.508167e+00   7.012726e-02   2.802003e-02
  2.513313e+00   1.186962e-01   2.811670e-02
  2.518460e+00   1.093792e-01   2.788928e-02
  2.523606e+00   1.227206e-01   2.821063e-02
  2.528753e+00   7.773741e-02   2.794669e-02
  2.533900e+00   1.177854e-01   2.795891e-02
  2.539046e+00   1.153505e-01   2.799269e-02
  2.544193e+00   1.325444e-01   2.797120e-02
  2.549339e+00   1.209134e-01   2.782216e-02
  2.554486e+00   1.372508e-01   2.808893e-02
  2.559632e+00   9.137828e-02   2.784574e-02
  2.564779e+00   1.146682e-01   2.772081e-02
  2.569926e+00   1.530546e-01   2.803111e-02
  2.575072e+00   1.178244e-01   2.853350e-02
  2.580219e+00   1.230864e-01   2.869039e-02
  2.585365e+00   1.219982e-01   2.907058e-02
  2.590512e+00   9.157022e-02   2.923634e-02
  2.595658e+00   1.925079e-01   2.919437e-02
  2.600805e+00   1.018652e-01   2.885412e-02
  2.605952e+00   1.358420e-01   2.856748e-02
  2.611098e+00   1.526145e-01   2.834610e-02
  2.616245e+00   1.257226e-01   2.854884e-02
  2.621391e+00   1.247754e-01   2.836993e-02
  2.626538e+00   1.252367e-01   2.810961e-02
  2.631684e+00   7.388970e-02   2.821220e-02
  2.636831e+00   1.149288e-01   2.811362e-02
  2.641978e+00   1.339934e-01   2.796984e-02
  2.647124e+00   1.258205e-01   2.831870e-02
  2.652271e+00   1.560940e-01   2.817127e-02
  2.657417e+00   1.338498e-01   2.798291e-02
  2.662564e+00   1.734178e-01   2.816438e-02
  2.667710e+00   1.030919e-01   2.813746e-02
  2.672857e+00   9.789552e-02   2.795510e-02
  2.678004e+00   9.932154e-02   2.802337e-02
  2.683150e+00   1.226112e-01   2.797040e-02
  2.688297e+00   9.442336e-02   2.784050e-02
  2.693443e+00   1.371651e-01   2.803838e-02
  2.698590e+00   1.363850e-01   2.799673e-02
  2.703736e+00   9.220335e-02   2.787341e-02
  2.708883e+00   1.531079e-01   2.802119e-02
  2.714030e+00   1.147611e-01   2.783932e-02
  2.719176e+00   1.079024e-01   2.767032e-02
  2.724323e+00   1.048551e-01   2.788338e-02
  2.729469e+00   1.257643e-01   2.773356e-02
  2.734616e+00   1.099483e-01   2.773181e-02
  2.739762e+00   1.210245e-01   2.778427e-02
  2.744909e+00   1.010162e-01   2.779804e-02
  2.750056e+00   1.304926e-01   2.756036e-02
  2.755202e+00   1.132865e-01   2.780517e-02
  2.760349e+00   1.064299e-01   2.757518e-02
  2.765495e+00   9.128466e-02   2.757343e-02
  2.770642e+00   1.132016e-01   2.765887e-02
  2.775788e+00   1.420061e-01   2.767621e-02
  2.780935e+00   1.137825e-01   2.745904e-02
  2.786082e+00   1.067433e-01   2.763888e-02
  2.791228e+00   1.050416e-01   2.761394e-02
  2.796375e+00   1.104869e-01   2.759658e-02
  2.801521e+00   1.161055e-01   2.758108e-02
  2.806668e+00   1.214164e-01   2.744779e-02
  2.811814e+00   1.130749e-01   2.740454e-02
  2.816961e+00   1.456864e-01   2.793590e-02
  2.822108e+00   1.115362e-01   2.805273e-02
  2.827254e+00   1.643448e-01   2.817899e-02
  2.832401e+00   1.392237e-01   2.826127e-02
  2.837547e+00   1.749705e-01   2.842718e-02
  2.842694e+00   6.840993e-02   2.829569e-02
  2.847840e+00   1.798600e-01   2.833020e-02
  2.852987e+00   1.816700e-01   2.839593e-02
  2.858134e+00   1.424597e-01   2.819893e-02
  2.863280e+00   5.322518e-02   2.822989e-02
  2.868427e+00   1.646107e-01   2.830854e-02
  2.873573e+00   8.616144e-02   2.818279e-02
  2.878720e+00   1.209868e-01   2.824070e-02
  2.883866e+00   8.161363e-02   2.822687e-02
  2.889013e+00   1.298035e-01   2.807288e-02
  2.894160e+00   1.174279e-01   2.809068e-02
  2.899306e+00   1.153590e-01   2.802946e-02
  2.904453e+00   5.388526e-02   2.785147e-02
  2.909599e+00   1.316705e-01   2.806603e-02
  2.914746e+00   8.283458e-02   2.815023e-02
  2.919892e+00   1.822710e-01   2.805014e-02
  2.925039e+00   1.361178e-01   2.819482e-02
  2.930186e+00   9.410943e-02   2.857519e-02
  2.935332e+00   1.374672e-01   2.897854e-02
  2.940479e+00   1.443433e-01   2.940774e-02
  2.945625e+00   1.004085e-01   2.962615e-02
  2.950772e+00   1.562685e-01   2.981881e-02
  2.955918e+00   1.108375e-01   3.001495e-02
  2.961065e+00   1.220558e-01   3.020149e-02
  2.966212e+00   1.185500e-01   3.037169e-02
  2.971358e+00   7.296868e-02   3.060010e-02
  2.976505e+00   1.788799e-01   3.073590e-02
  2.981651e+00   9.021152e-02   3.074834e-02
  2.986798e+00   1.504427e-01   3.117321e-02
  2.991944e+00   1.286568e-01   3.120439e-02
  2.997091e+00   1.570492e-01   3.053261e-02
  3.002238e+00   9.209347e-02   3.032362e-02
  3.007384e+00   4.380208e-02   3.005062e-02
  3.012531e+00   1.380643e-01   2.982500e-02
  3.017677e+00   1.302619e-01   2.975141e-02
  3.022824e+00   1.421502e-01   2.978852e-02
  3.027970e+00   1.033280e-01   2.948961e-02
  3.033117e+00   1.324852e-01   2.957059e-02
  3.038264e+00   9.414278e-02   2.965605e-02
  3.043410e+00   1.224989e-01   2.934966e-02
  3.048557e+00   7.263515e-02   2.952408e-02
  3.053703e+00   1.114480e-01   2.960862e-02
  3.058850e+00   1.140861e-01   2.961748e-02
  3.063996e+00   1.039436e-01   2.960572e-02
  3.069143e+00   1.463134e-01   2.961977e-02
  3.074290e+00   1.127525e-01   2.937740e-02
  3.079436e+00   8.805286e-02   2.951549e-02
  3.084583e+00   1.554713e-01   2.961197e-02
  3.089729e+00   9.418406e-02   2.935155e-02
  3.094876e+00   1.351115e-01   2.941105e-02
  3.100022e+00   7.623449e-02   2.940407e-02
  3.105169e+00   1.018179e-01   2.931548e-02
  3.110316e+00   1.035346e-01   2.944562e-02
  3.115462e+00   1.024101e-01   2.932700e-02
  3.120609e+00   9.277789e-02   2.905802e-02
  3.125755e+00   9.847643e-02   2.905914e-02
  3.130902e+00   1.345563e-01   2.924800e-02
  3.136048e+00   8.753624e-02   2.877509e-02
  3.141195e+00   1.008911e-01   2.901974e-02
  3.146342e+00   1.174611e-01   2.891322e-02
  3.151488e+00   1.137187e-01   2.870095e-02
  3.156635e+00   1.344775e-01   2.885055e-02
  3.161781e+00   1.236155e-01   2.894992e-02
  3.166928e+00   6.910989e-02   2.858153e-02
  3.172074e+00   9.984606e-02   2.876658e-02
  3.177221e+00   1.040231e-01   2.886787e-02
  3.182368e+00   1.166927e-01   2.870989e-02
  3.187514e+00   1.220066e-01   2.871855e-02
  3.192661e+00   7.768385e-02   2.887619e-02
  3.197807e+00   7.963965e-02   2.851286e-02
  3.202954e+00   1.001958e-01   2.871824e-02
  3.208100e+00   1.200881e-01   2.875411e-02
  3.213247e+00   1.312180e-01   2.854382e-02
  3.218394e+00   1.311135e-01   2.869248e-02
  3.223540e+00   1.199245e-01   2.875543e-02
  3.228687e+00   1.125025e-01   2.843115e-02
  3.233833e+00   1.051316e-01   2.855938e-02
  3.238980e+00   1.036862e-01   2.888608e-02
  3.244126e+00   1.390555e-01   2.846008e-02
  3.249273e+00   1.465631e-01   2.844298e-02
  3.254420e+00   1.609569e-01   2.875750e-02
  3.259566e+00   9.763988e-02   2.836961e-02
  3.264713e+00   4.776130e-02   2.848811e-02
  3.269859e+00   1.201800e-01   2.867794e-02
  3.275006e+00   9.572908e-02   2.837624e-02
  3.280152e+00   8.959515e-02   2.847380e-02
  3.285299e+00   1.252549e-01   2.875178e-02
  3.290446e+00   1.047766e-01   2.833583e-02
  3.295592e+00   1.538854e-01   2.851573e-02
  3.300739e+00   1.146220e-01   2.858929e-02
  3.305885e+00   1.000237e-01   2.829420e-02
  3.311032e+00   1.170226e-01   2.843974e-02
  3.316178e+00   1.609178e-01   2.857545e-02
  3.321325e+00   1.135918e-01   2.831452e-02
  3.326471e+00   1.502463e-01   2.844942e-02
  3.331618e+00   1.158367e-01   2.852178e-02
  3.336765e+00   8.018072e-02   2.814713e-02
  3.341911e+00   1.719238e-01   2.833334e-02
  3.347058e+00   6.657347e-02   2.835755e-02
  3.352204e+00   5.167566e-02   2.812424e-02
  3.357351e+00   1.193827e-01   2.825571e-02
  3.362497e+00   1.003054e-01   2.843455e-02
  3.367644e+00   9.078152e-02   2.808968e-02
  3.372791e+00   9.682372e-02   2.835436e-02
  3.377937e+00   1.054899e-01   2.835786e-02
  3.383084e+00   1.157609e-01   2.822012e-02
  3.388230e+00   1.230279e-01   2.823868e-02
  3.393377e+00   1.091333e-01   2.841168e-02
  3.398523e+00   9.266746e-02   2.817398e-02
  3.403670e+00   1.419722e-01   2.821941e-02
  3.408817e+00   8.591015e-02   2.842539e-02
  3.413963e+00   1.104684e-01   2.821831e-02
  3.419110e+00   1.118817e-01   2.823038e-02
  3.424256e+00   1.079517e-01   2.838330e-02
  3.429403e+00   9.205408e-02   2.800036e-02
  3.434549e+00   8.796165e-02   2.821964e-02
  3.439696e+00   1.200062e-01   2.828481e-02
  3.444843e+00   1.088633e-01   2.813723e-02
  3.449989e+00   1.255440e-01   2.810502e-02
  3.455136e+00   1.173795e-01   2.833028e-02
  3.460282e+00   1.036760e-01   2.810385e-02
  3.465429e+00   1.138763e-01   2.815057e-02
  3.470575e+00   1.021598e-01   2.822311e-02
  3.475722e+00   8.772004e-02   2.804313e-02
  3.480869e+00   1.018235e-01   2.799687e-02
  3.486015e+00   1.109214e-01   2.833014e-02
  3.491162e+00   9.632668e-02   2.795059e-02
  3.496308e+00   1.077231e-01   2.807393e-02
  3.501455e+00   1.368634e-01   2.823267e-02
  3.506601e+00   1.032520e-01   2.811464e-02
  3.511748e+00   9.595064e-02   2.798578e-02
  3.516895e+00   1.148229e-01   2.820024e-02
  3.522041e+00   1.170109e-01   2.801438e-02
  3.527188e+00   7.495170e-02   2.803018e-02
  3.532334e+00   8.051721e-02   2.811354e-02
  3.537481e+00   6.994859e-02   2.810794e-02
  3.542627e+00   4.282873e-02   2.796014e-02
  3.547774e+00   7.335641e-02   2.823597e-02
  3.552921e+00   8.217654e-02   2.804857e-02
  3.558067e+00   7.254996e-02   2.802967e-02
  3.563214e+00   9.317486e-02   2.816285e-02
  3.568360e+00   9.972094e-02   2.808781e-02
  3.573507e+00   8.674143e-02   2.798132e-02
  3.578653e+00   9.106106e-02   2.818799e-02
  3.583800e+00   9.101694e-02   2.803067e-02
  3.588947e+00   8.475245e-02   2.810625e-02
  3.594093e+00   9.282379e-02   2.821600e-02
  3.599240e+00   4.320799e-02   2.813365e-02
  3.604386e+00   9.071766e-02   2.794217e-02
  3.609533e+00   7.578939e-02   2.831510e-02
  3.614679e+00   5.955487e-02   2.797585e-02
  3.619826e+00   5.863128e-02   2.814317e-02
  3.624973e+00   1.316642e-01   2.814459e-02
  3.630119e+00   5.220651e-02   2.810125e-02
  3.635266e+00   6.039645e-02   2.804584e-02
  3.640412e+00   8.684895e-02   2.835296e-02
  3.645559e+00   1.373019e-01   2.807841e-02
  3.650705e+00   9.570779e-02   2.803421e-02
  3.655852e+00   1.534497e-01   2.815726e-02
  3.660999e+00   4.887306e-02   2.800826e-02
  3.666145e+00   8.203577e-02   2.796682e-02
  3.671292e+00   1.317752e-01   2.838040e-02
  3.676438e+00   9.572880e-02   2.792774e-02
  3.681585e+00   1.036309e-01   2.803895e-02
  3.686731e+00   9.766422e-02   2.823457e-02
  3.691878e+00   1.014522e-01   2.811076e-02
  3.697025e+00   1.392202e-01   2.793716e-02
  3.702171e+00   9.805034e-02   2.826861e-02
  3.707318e+00   1.159945e-01   2.797878e-02
  3.712464e+00   8.380317e-02   2.805343e-02
  3.717611e+00   1.079978e-01   2.823021e-02
  3.722757e+00   4.875103e-02   2.797070e-02
  3.727904e+00   1.140754e-01   2.805997e-02
  3.733051e+00   5.312815e-02   2.835265e-02
  3.738197e+00   6.010501e-02   2.791409e-02
  3.743344e+00   6.787032e-02   2.811596e-02
  3.748490e+00   8.894764e-02   2.871111e-02
  3.753637e+00   9.109623e-02   2.900563e-02
  3.758783e+00   7.036751e-02   2.942487e-02
  3.763930e+00   1.135337e-01   2.981647e-02
  3.769077e+00   1.773102e-01   2.988272e-02
  3.774223e+00   7.464034e-02   3.026944e-02
  3.779370e+00   9.967663e-02   3.035333e-02
  3.784516e+00   9.873951e-02   3.015362e-02
  3.789663e+00   1.669574e-01   3.040103e-02
  3.794809e+00   1.241208e-01   3.068693e-02
  3.799956e+00   5.076490e-02   3.035011e-02
  3.805103e+00   1.039782e-01   3.067737e-02
  3.810249e+00   9.654590e-02   3.070526e-02
  3.815396e+00   9.018601e-02   2.969613e-02
  3.820542e+00   9.081200e-02   2.945984e-02
  3.825689e+00   7.459937e-02   2.947632e-02
  3.830835e+00   1.345960e-01   2.901254e-02
  3.835982e+00   5.566334e-02   2.906689e-02
  3.841129e+00   8.529841e-02   2.921770e-02
  3.846275e+00   9.827213e-02   2.901037e-02
  3.851422e+00   5.767509e-02   2.894280e-02
  3.856568e+00   2.274711e-02   2.930283e-02
  3.861715e+00   5.412945e-02   2.877231e-02
  3.866861e+00   1.164449e-01   2.912075e-02
  3.872008e+00   1.323722e-01   2.924045e-02
  3.877155e+00   7.903985e-02   2.898328e-02
  3.882301e+00   8.556027e-02   2.903006e-02
  3.887448e+00   8.946467e-02   2.918917e-02
  3.892594e+00   1.671535e-01   2.896436e-02
  3.897741e+00   1.103192e-01   2.909197e-02
  3.902887e+00   1.123475e-01   2.921023e-02
  3.908034e+00   1.200937e-01   2.890679e-02
  3.913181e+00   1.066535e-01   2.905715e-02
  3.918327e+00   1.200932e-01   2.918843e-02
  3.923474e+00   9.790757e-02   2.887291e-02
  3.928620e+00   6.769830e-02   2.905069e-02
  3.933767e+00   6.973949e-02   2.914362e-02
  3.938913e+00   1.170525e-01   2.899758e-02
  3.944060e+00   1.260545e-01   2.904739e-02
  3.949207e+00   8.114224e-02   2.930692e-02
  3.954353e+00   1.067240e-01   2.900517e-02
  3.959500e+00   1.020705e-01   2.935641e-02
  3.964646e+00   9.975567e-02   2.938532e-02
  3.969793e+00   1.051238e-01   2.908729e-02
  3.974939e+00   4.023585e-02   2.921946e-02
  3.980086e+00   7.245963e-02   2.941742e-02
  3.985233e+00   1.126189e-01   2.920010e-02
  3.990379e+00   1.462579e-01   2.939795e-02
  3.995526e+00   8.382579e-02   2.940505e-02
  4.000672e+00   1.065144e-01   2.931333e-02
  4.005819e+00   1.372055e-01   2.955218e-02
  4.010965e+00   5.337754e-02   2.942524e-02
  4.016112e+00   6.085512e-02   2.931312e-02
  4.021259e+00   1.265125e-01   2.950132e-02
  4.026405e+00   5.677184e-02   2.941531e-02
  4.031552e+00   7.774635e-02   2.949144e-02
  4.036698e+00   2.947375e-02   2.953745e-02
  4.041845e+00   8.606301e-02   2.951399e-02
  4.046991e+00   1.343121e-01   2.947954e-02
  4.052138e+00   1.167659e-01   2.977521e-02
  4.057285e+00   8.713582e-02   2.954644e-02
  4.062431e+00   7.358742e-02   2.951949e-02
  4.067578e+00   1.196242e-01   2.971922e-02
  4.072724e+00   1.324105e-01   2.976608e-02
  4.077871e+00   4.992032e-02   2.952177e-02
  4.083017e+00   5.397834e-02   2.983330e-02
  4.088164e+00   8.726448e-02   2.969310e-02
  4.093311e+00   9.177301e-03   2.967754e-02
  4.098457e+00   6.177494e-02   2.985672e-02
  4.103604e+00   7.031857e-02   2.976272e-02
  4.108750e+00   5.085827e-02   2.970292e-02
  4.113897e+00   1.159203e-01   2.991201e-02
  4.119043e+00   2.603798e-02   2.980968e-02
  4.124190e+00   1.000492e-01   2.976413e-02
  4.129336e+00   5.348913e-02   2.995323e-02
  4.134483e+00   5.429039e-02   2.981991e-02
  4.139630e+00   8.859533e-02   2.991473e-02
  4.144776e+00   4.267960e-02   2.996648e-02
  4.149923e+00   6.388161e-02   2.992086e-02
  4.155069e+00   6.002463e-02   2.984568e-02
  4.160216e+00   7.957271e-02   3.006348e-02
  4.165362e+00   7.358437e-02   3.003429e-02
  4.170509e+00   7.619754e-02   2.996408e-02
  4.175656e+00   6.916237e-02   3.010439e-02
  4.180802e+00   1.102756e-01   3.006967e-02
  4.185949e+00   5.929960e-02   3.026706e-02
  4.191095e+00   6.157016e-02   3.049338e-02
  4.196242e+00   3.366046e-02   3.044429e-02
  4.201388e+00   6.119304e-02   3.061013e-02
  4.206535e+00   1.007662e-01   3.078711e-02
  4.211682e+00   1.176548e-01   3.086717e-02
  4.216828e+00   1.253948e-01   3.095713e-02
  4.221975e+00   6.092928e-02   3.102351e-02
  4.227121e+00   1.150086e-01   3.111080e-02
  4.232268e+00   6.595779e-02   3.117978e-02
  4.237414e+00   6.612892e-02   3.125558e-02
  4.242561e+00   1.347787e-01   3.150444e-02
  4.247708e+00   2.003414e-03   3.143740e-02
  4.252854e+00   9.450000e-02   3.151096e-02
  4.258001e+00   9.027832e-02   3.147862e-02
  4.263147e+00   8.426586e-02   3.174756e-02
  4.268294e+00   4.831007e-02   3.168634e-02
  4.273440e+00   1.066132e-01   3.196569e-02
  4.278587e+00   2.847140e-02   3.186741e-02
  4.283734e+00   8.997230e-02   3.206205e-02
  4.288880e+00   7.402185e-02   3.207475e-02
  4.294027e+00  -1.386858e-03   3.204384e-02
  4.299173e+00   9.880929e-02   3.228866e-02
  4.304320e+00   1.356136e-01   3.213501e-02
  4.309466e+00   9.516616e-02   3.215151e-02
  4.314613e+00   8.608758e-02   3.219609e-02
  4.319760e+00   1.455853e-01   3.222525e-02
  4.324906e+00   8.104179e-02   3.233458e-02
  4.330053e+00   8.168973e-02   3.232205e-02
  4.335199e+00   8.601171e-02   3.240912e-02
  4.340346e+00   7.509596e-02   3.229602e-02
  4.345492e+00   1.059722e-01   3.237800e-02
  4.350639e+00   7.978804e-02   3.242229e-02
  4.355786e+00   9.251522e-02   3.269176e-02
  4.360932e+00   1.126595e-01   3.264479e-02
  4.366079e+00   7.424232e-02   3.259024e-02
  4.371225e+00   7.634019e-02   3.268271e-02
  4.376372e+00   4.245471e-02   3.282497e-02
  4.381518e+00   5.965843e-02   3.275955e-02
  4.386665e+00   8.654974e-02   3.283298e-02
  4.391812e+00   1.066541e-01   3.270829e-02
  4.396958e+00   1.232183e-01   3.284020e-02
  4.402105e+00   7.922387e-02   3.285169e-02
  4.407251e+00   3.493594e-02   3.298393e-02
  4.412398e+00   6.201166e-02   3.301980e-02
  4.417544e+00   4.980295e-02   3.317594e-02
  4.422691e+00   1.432181e-02   3.318341e-02
  4.427838e+00   2.711613e-02   3.327156e-02
  4.432984e+00   7.200078e-02   3.334584e-02
  4.438131e+00   3.940485e-02   3.366520e-02
  4.443277e+00   9.677825e-02   3.360092e-02
  4.448424e+00   7.135798e-02   3.376277e-02
  4.453570e+00   2.570815e-02   3.371417e-02
  4.458717e+00   7.764219e-02   3.410370e-02
  4.463864e+00   4.950128e-02   3.409482e-02
  4.469010e+00   2.046272e-02   3.441766e-02
  4.474157e+00   4.405181e-02   3.428054e-02
  4.479303e+00   5.048432e-02   3.431365e-02
  4.484450e+00   8.586708e-02   3.453969e-02
  4.489596e+00   8.981037e-02   3.453013e-02
  4.494743e+00   4.103349e-02   3.470302e-02
  4.499890e+00   5.794407e-02   3.489425e-02
  4.505036e+00   9.270715e-02   3.488942e-02
  4.510183e+00   9.999191e-02   3.503750e-02
  4.515329e+00   9.945564e-02   3.528571e-02
  4.520476e+00   7.663535e-02   3.527095e-02
  4.525622e+00   9.821788e-02   3.520220e-02
  4.530769e+00   5.795769e-02   3.538470e-02
  4.535916e+00   7.007024e-02   3.550683e-02
  4.541062e+00   9.086388e-02   3.561169e-02
  4.546209e+00   6.363406e-02   3.571431e-02
  4.551355e+00   8.122125e-02   3.568988e-02
  4.556502e+00   8.792911e-02   3.581377e-02
  4.561648e+00   7.320624e-02   3.598218e-02
  4.566795e+00   6.698756e-03   3.600503e-02
  4.571942e+00   1.162098e-01   3.603721e-02
  4.577088e+00   1.065780e-01   3.613481e-02
  4.582235e+00   8.199030e-02   3.645069e-02
  4.587381e+00   9.414209e-02   3.670098e-02
  4.592528e+00   1.014331e-01   3.653458e-02
  4.597674e+00   4.539293e-02   3.691902e-02
  4.602821e+00   4.247406e-02   3.689226e-02
  4.607968e+00   1.007756e-01   3.735737e-02
  4.613114e+00   6.430032e-02   3.734942e-02
  4.618261e+00   7.913638e-02   3.720885e-02
  4.623407e+00   5.018260e-02   3.721458e-02
  4.628554e+00   6.863929e-02   3.725321e-02
  4.633700e+00   1.164910e-01   3.746162e-02
  4.638847e+00   7.883512e-02   3.741090e-02
  4.643994e+00   1.118665e-01   3.751400e-02
  4.649140e+00   1.136855e-01   3.764747e-02
  4.654287e+00   8.460298e-02   3.762699e-02
  4.659433e+00   1.181984e-01   3.776070e-02
  4.664580e+00   1.136292e-01   3.767072e-02
  4.669726e+00   5.312009e-02   3.772147e-02
  4.674873e+00   1.172562e-01   3.769378e-02
  4.680020e+00   1.091197e-01   3.781855e-02
  4.685166e+00   3.768456e-02   3.804914e-02
  4.690313e+00   6.698946e-02   3.808630e-02
  4.695459e+00   5.409648e-02   3.822591e-02
  4.700606e+00   7.189793e-02   3.851016e-02
  4.705752e+00   1.134516e-01   3.861977e-02
  4.710899e+00   4.795616e-02   3.857416e-02
  4.716046e+00   7.742857e-02   3.880324e-02
  4.721192e+00   8.041268e-02   3.884583e-02
  4.726339e+00   4.859375e-02   3.901760e-02
  4.731485e+00   1.055510e-01   3.921274e-02
  4.736632e+00   1.810077e-01   3.924289e-02
  4.741778e+00   4.974128e-02   3.939334e-02
  4.746925e+00   1.371029e-01   3.969082e-02
  4.752072e+00   3.285955e-02   3.979669e-02
  4.757218e+00   1.590223e-01   3.966614e-02
  4.762365e+00   1.062330e-01   3.988443e-02
  4.767511e+00   3.979734e-02   3.992928e-02
  4.772658e+00   1.385422e-01   4.014995e-02
  4.777804e+00   6.886105e-02   4.036360e-02
  4.782951e+00   5.360299e-02   4.045849e-02
  4.788098e+00   4.917451e-02   4.052835e-02
  4.793244e+00   1.121831e-01   4.073925e-02
  4.798391e+00   1.211217e-01   4.112987e-02
  4.803537e+00   1.446458e-01   4.082380e-02
  4.808684e+00   4.667474e-02   4.103263e-02
  4.813830e+00   5.292246e-02   4.122959e-02
  4.818977e+00   6.469200e-02   4.121289e-02
  4.824124e+00   7.630698e-02   4.146030e-02
  4.829270e+00   5.695911e-02   4.156031e-02
  4.834417e+00   7.989229e-02   4.177724e-02
  4.839563e+00   7.272949e-02   4.207360e-02
  4.844710e+00   6.290653e-02   4.226415e-02
  4.849856e+00   9.626766e-02   4.206811e-02
  4.855003e+00   1.305282e-01   4.220411e-02
  4.860150e+00   7.072460e-02   4.243863e-02
  4.865296e+00   1.139857e-01   4.249763e-02
  4.870443e+00   2.261555e-03   4.267043e-02
  4.875589e+00   8.415052e-02   4.279795e-02
  4.880736e+00   7.159041e-02   4.295401e-02
  4.885882e+00   1.107195e-01   4.319764e-02
  4.891029e+00   7.946382e-02   4.352295e-02
  4.896176e+00   9.736911e-02   4.340955e-02
  4.901322e+00   9.967644e-02   4.345883e-02
  4.906469e+00   9.433138e-02   4.361973e-02
  4.911615e+00   7.310865e-02   4.376473e-02
  4.916762e+00   6.617608e-02   4.388701e-02
  4.921908e+00   9.633655e-02   4.415267e-02
  4.927055e+00   9.456822e-02   4.412773e-02
  4.932201e+00   2.341263e-02   4.460966e-02
  4.937348e+00   5.793353e-02   4.456436e-02
  4.942495e+00   9.106734e-02   4.482334e-02
  4.947641e+00   3.818897e-02   4.460283e-02
  4.952788e+00   1.320365e-01   4.472799e-02
  4.957934e+00   7.754864e-02   4.483938e-02
  4.963081e+00   3.105737e-02   4.486988e-02
  4.968227e+00   6.710243e-02   4.477272e-02
  4.973374e+00   1.120955e-01   4.503486e-02
  4.978521e+00   2.473309e-02   4.513917e-02
  4.983667e+00   2.659536e-02   4.527910e-02
  4.988814e+00   3.808095e-02   4.571399e-02
  4.993960e+00   4.578581e-02   4.543385e-02
  4.999107e+00   7.043322e-02   4.546115e-02
  5.004253e+00   1.319077e-01   4.593148e-02
  5.009400e+00   4.568693e-02   4.655922e-02
  5.014547e+00   3.147765e-02   4.685165e-02
  5.019693e+00   9.813929e-02   4.697247e-02
  5.024840e+00   9.684402e-02   4.799905e-02
  5.029986e+00   9.850077e-02   4.812018e-02
  5.035133e+00   8.768329e-02   4.927681e-02
  5.040279e+00   3.330716e-02   4.922709e-02
  5.045426e+00   2.830252e-02   4.980564e-02
  5.050573e+00   9.017893e-02   5.024763e-02
  5.055719e+00   2.328562e-02   5.091386e-02
  5.060866e+00   6.787969e-02   5.153552e-02
  5.066012e+00   6.509547e-02   5.199982e-02
  5.071159e+00   2.909835e-02   5.270764e-02
  5.076305e+00   1.019075e-01   5.332813e-02
  5.081452e+00   1.918896e-02   5.437635e-02
  5.086599e+00   1.008647e-01   5.460943e-02
  5.091745e+00   1.336733e-01   5.631715e-02
  5.096892e+00   8.321385e-02   5.819000e-02
  5.102038e+00   8.621156e-02   5.987367e-02
  5.107185e+00   1.810274e-01   6.176410e-02
  5.112331e+00   1.553339e-01   6.315650e-02
  5.117478e+00   9.107884e-02   6.374817e-02
  5.122625e+00  -2.916217e-03   6.562585e-02
  5.127771e+00   1.152381e-01   6.712879e-02
  5.132918e+00   6.184002e-02   6.904102e-02
  5.138064e+00  -3.526461e-02   6.765805e-02
  5.143211e+00   1.262614e-01   6.820964e-02
  5.148357e+00   7.786368e-02   6.891404e-02
  5.153504e+00   7.222891e-02   6.935766e-02
  5.158651e+00   8.468370e-02   7.081990e-02
  5.163797e+00   1.188370e-01   8.160384e-02
  5.168944e+00  -3.071932e-02   1.037601e-01
  5.174090e+00   1.008221e-01   1.178012e-01
  5.179237e+00   1.176042e-01   2.088777e-01
range-from: 28
range-to: 1000
