Sample description: 
Sample:   c= 0 mg/ml  Code: 
  1.767703e-01   5.912966e+00   7.608150e-02
  1.819169e-01   5.832631e+00   7.351174e-02
  1.870635e-01   5.856690e+00   7.189040e-02
  1.922101e-01   5.806272e+00   6.911418e-02
  1.973566e-01   5.851410e+00   6.728971e-02
  2.025032e-01   5.910004e+00   6.542332e-02
  2.076498e-01   5.756025e+00   6.418607e-02
  2.127963e-01   5.814768e+00   6.293422e-02
  2.179429e-01   5.660067e+00   6.032381e-02
  2.230895e-01   5.556885e+00   5.898940e-02
  2.282360e-01   5.625963e+00   5.812586e-02
  2.333826e-01   5.626934e+00   5.688374e-02
  2.385292e-01   5.634613e+00   5.604333e-02
  2.436758e-01   5.595265e+00   5.460258e-02
  2.488223e-01   5.566539e+00   5.363690e-02
  2.539689e-01   5.523892e+00   5.258907e-02
  2.591155e-01   5.519079e+00   5.179249e-02
  2.642620e-01   5.472648e+00   5.055054e-02
  2.694086e-01   5.492555e+00   4.968852e-02
  2.745552e-01   5.380355e+00   4.887443e-02
  2.797018e-01   5.369638e+00   4.815582e-02
  2.848483e-01   5.402058e+00   4.752593e-02
  2.899949e-01   5.339330e+00   4.738418e-02
  2.951415e-01   5.275855e+00   4.788644e-02
  3.002880e-01   5.348021e+00   4.801556e-02
  3.054346e-01   5.270958e+00   4.781707e-02
  3.105812e-01   5.238896e+00   4.760834e-02
  3.157277e-01   5.179930e+00   4.726643e-02
  3.208743e-01   5.200087e+00   4.674375e-02
  3.260209e-01   5.187455e+00   4.700227e-02
  3.311675e-01   5.120363e+00   4.661082e-02
  3.363140e-01   5.068102e+00   4.669867e-02
  3.414606e-01   5.082519e+00   4.631223e-02
  3.466072e-01   5.019364e+00   4.578868e-02
  3.517537e-01   5.049642e+00   4.553488e-02
  3.569003e-01   4.980920e+00   4.445416e-02
  3.620469e-01   4.971470e+00   4.312762e-02
  3.671934e-01   4.903779e+00   4.230299e-02
  3.723400e-01   4.876291e+00   4.216046e-02
  3.774866e-01   4.795001e+00   4.134524e-02
  3.826332e-01   4.753381e+00   4.067528e-02
  3.877797e-01   4.818155e+00   4.061984e-02
  3.929263e-01   4.741822e+00   3.980974e-02
  3.980729e-01   4.647887e+00   3.934872e-02
  4.032194e-01   4.716394e+00   3.908896e-02
  4.083660e-01   4.687744e+00   3.825006e-02
  4.135126e-01   4.637237e+00   3.798670e-02
  4.186592e-01   4.580608e+00   3.789999e-02
  4.238057e-01   4.644851e+00   3.729684e-02
  4.289523e-01   4.570331e+00   3.694322e-02
  4.340989e-01   4.494765e+00   3.667528e-02
  4.392454e-01   4.508031e+00   3.643788e-02
  4.443920e-01   4.455502e+00   3.606123e-02
  4.495386e-01   4.474933e+00   3.574645e-02
  4.546851e-01   4.419596e+00   3.521201e-02
  4.598317e-01   4.351070e+00   3.502207e-02
  4.649783e-01   4.387818e+00   3.516173e-02
  4.701249e-01   4.252632e+00   3.536857e-02
  4.752714e-01   4.251237e+00   3.539792e-02
  4.804180e-01   4.317674e+00   3.582378e-02
  4.855646e-01   4.160184e+00   3.541510e-02
  4.907111e-01   4.221233e+00   3.562891e-02
  4.958577e-01   4.174885e+00   3.560975e-02
  5.010043e-01   4.129023e+00   3.550949e-02
  5.061509e-01   4.018758e+00   3.549145e-02
  5.112974e-01   4.087166e+00   3.591657e-02
  5.164440e-01   4.008023e+00   3.531858e-02
  5.215906e-01   3.939607e+00   3.520175e-02
  5.267371e-01   4.015910e+00   3.523525e-02
  5.318837e-01   3.921521e+00   3.511581e-02
  5.370303e-01   3.946926e+00   3.392572e-02
  5.421768e-01   3.897722e+00   3.368873e-02
  5.473234e-01   3.842240e+00   3.334040e-02
  5.524700e-01   3.815724e+00   3.271599e-02
  5.576166e-01   3.750444e+00   3.262994e-02
  5.627631e-01   3.782886e+00   3.233878e-02
  5.679097e-01   3.766256e+00   3.189703e-02
  5.730563e-01   3.709965e+00   3.169140e-02
  5.782028e-01   3.727065e+00   3.156488e-02
  5.833494e-01   3.605408e+00   3.100278e-02
  5.884960e-01   3.591066e+00   3.099874e-02
  5.936426e-01   3.516285e+00   3.095560e-02
  5.987891e-01   3.526126e+00   3.035158e-02
  6.039357e-01   3.504467e+00   3.035065e-02
  6.090823e-01   3.450432e+00   3.018443e-02
  6.142288e-01   3.452514e+00   2.978134e-02
  6.193754e-01   3.450477e+00   2.966807e-02
  6.245220e-01   3.390661e+00   2.955902e-02
  6.296685e-01   3.404381e+00   2.928895e-02
  6.348151e-01   3.305614e+00   2.920980e-02
  6.399617e-01   3.264757e+00   2.908379e-02
  6.451083e-01   3.240117e+00   2.870484e-02
  6.502548e-01   3.222057e+00   2.854747e-02
  6.554014e-01   3.138695e+00   2.844466e-02
  6.605480e-01   3.172841e+00   2.839572e-02
  6.656945e-01   3.079476e+00   2.874662e-02
  6.708411e-01   3.094943e+00   2.905988e-02
  6.759877e-01   3.043903e+00   2.892436e-02
  6.811343e-01   3.064917e+00   2.890521e-02
  6.862808e-01   3.055948e+00   2.894704e-02
  6.914274e-01   3.009585e+00   2.820724e-02
  6.965740e-01   2.976541e+00   2.786974e-02
  7.017205e-01   2.897380e+00   2.782244e-02
  7.068671e-01   2.904830e+00   2.748041e-02
  7.120137e-01   2.879737e+00   2.721610e-02
  7.171602e-01   2.857267e+00   2.723724e-02
  7.223068e-01   2.855285e+00   2.688119e-02
  7.274534e-01   2.765601e+00   2.665756e-02
  7.326000e-01   2.823489e+00   2.668377e-02
  7.377465e-01   2.741151e+00   2.624767e-02
  7.428931e-01   2.719413e+00   2.608382e-02
  7.480397e-01   2.629880e+00   2.598079e-02
  7.531862e-01   2.666616e+00   2.575394e-02
  7.583328e-01   2.645331e+00   2.575857e-02
  7.634794e-01   2.591622e+00   2.583139e-02
  7.686259e-01   2.571388e+00   2.556969e-02
  7.737725e-01   2.558242e+00   2.535270e-02
  7.789191e-01   2.508452e+00   2.543445e-02
  7.840657e-01   2.488203e+00   2.510943e-02
  7.892122e-01   2.485708e+00   2.499338e-02
  7.943588e-01   2.447679e+00   2.504418e-02
  7.995054e-01   2.419634e+00   2.478113e-02
  8.046519e-01   2.357328e+00   2.470182e-02
  8.097985e-01   2.332467e+00   2.468444e-02
  8.149451e-01   2.350723e+00   2.430505e-02
  8.200917e-01   2.282861e+00   2.427709e-02
  8.252382e-01   2.268865e+00   2.425398e-02
  8.303848e-01   2.239936e+00   2.392416e-02
  8.355314e-01   2.257463e+00   2.388017e-02
  8.406779e-01   2.220262e+00   2.379659e-02
  8.458245e-01   2.189178e+00   2.368455e-02
  8.509711e-01   2.206308e+00   2.363194e-02
  8.561176e-01   2.181600e+00   2.356898e-02
  8.612642e-01   2.111127e+00   2.346638e-02
  8.664108e-01   2.088844e+00   2.332371e-02
  8.715574e-01   2.088602e+00   2.335233e-02
  8.767039e-01   2.048232e+00   2.312198e-02
  8.818505e-01   1.986061e+00   2.301605e-02
  8.869971e-01   2.032641e+00   2.294352e-02
  8.921436e-01   1.987932e+00   2.301928e-02
  8.972902e-01   1.950260e+00   2.268475e-02
  9.024368e-01   1.932894e+00   2.280184e-02
  9.075834e-01   1.945564e+00   2.268303e-02
  9.127299e-01   1.898403e+00   2.242046e-02
  9.178765e-01   1.886543e+00   2.252541e-02
  9.230231e-01   1.841035e+00   2.290609e-02
  9.281696e-01   1.822678e+00   2.261803e-02
  9.333162e-01   1.790328e+00   2.280211e-02
  9.384628e-01   1.784153e+00   2.280945e-02
  9.436093e-01   1.761923e+00   2.259958e-02
  9.487559e-01   1.771420e+00   2.277441e-02
  9.539025e-01   1.725817e+00   2.281351e-02
  9.590491e-01   1.717272e+00   2.256238e-02
  9.641956e-01   1.658766e+00   2.266604e-02
  9.693422e-01   1.665787e+00   2.267828e-02
  9.744888e-01   1.655689e+00   2.250982e-02
  9.796353e-01   1.646786e+00   2.258515e-02
  9.847819e-01   1.615192e+00   2.259028e-02
  9.899285e-01   1.586601e+00   2.243678e-02
  9.950751e-01   1.592287e+00   2.250837e-02
  1.000222e+00   1.563215e+00   2.249711e-02
  1.005368e+00   1.525156e+00   2.244183e-02
  1.010515e+00   1.544789e+00   2.268919e-02
  1.015661e+00   1.470887e+00   2.284644e-02
  1.020808e+00   1.455693e+00   2.276552e-02
  1.025954e+00   1.474111e+00   2.286781e-02
  1.031101e+00   1.459240e+00   2.287311e-02
  1.036248e+00   1.417445e+00   2.287656e-02
  1.041394e+00   1.428584e+00   2.290679e-02
  1.046541e+00   1.414419e+00   2.290026e-02
  1.051687e+00   1.376364e+00   2.271890e-02
  1.056834e+00   1.366336e+00   2.278453e-02
  1.061980e+00   1.344118e+00   2.278083e-02
  1.067127e+00   1.313610e+00   2.267430e-02
  1.072274e+00   1.319676e+00   2.256503e-02
  1.077420e+00   1.236803e+00   2.262382e-02
  1.082567e+00   1.298578e+00   2.256291e-02
  1.087713e+00   1.242053e+00   2.242275e-02
  1.092860e+00   1.278260e+00   2.247507e-02
  1.098006e+00   1.210131e+00   2.237334e-02
  1.103153e+00   1.213658e+00   2.237107e-02
  1.108300e+00   1.152128e+00   2.233604e-02
  1.113446e+00   1.182273e+00   2.258215e-02
  1.118593e+00   1.190323e+00   2.260281e-02
  1.123739e+00   1.150298e+00   2.275464e-02
  1.128886e+00   1.131252e+00   2.268280e-02
  1.134032e+00   1.113137e+00   2.259428e-02
  1.139179e+00   1.122745e+00   2.264264e-02
  1.144326e+00   1.086589e+00   2.253665e-02
  1.149472e+00   1.070046e+00   2.269379e-02
  1.154619e+00   1.080236e+00   2.255318e-02
  1.159765e+00   1.089382e+00   2.261256e-02
  1.164912e+00   1.032701e+00   2.246950e-02
  1.170058e+00   1.022162e+00   2.252113e-02
  1.175205e+00   1.007415e+00   2.233503e-02
  1.180352e+00   1.006827e+00   2.213094e-02
  1.185498e+00   9.631758e-01   2.206621e-02
  1.190645e+00   9.402303e-01   2.195945e-02
  1.195791e+00   9.098457e-01   2.180282e-02
  1.200938e+00   9.430018e-01   2.177063e-02
  1.206084e+00   9.259294e-01   2.157681e-02
  1.211231e+00   9.037295e-01   2.148885e-02
  1.216378e+00   8.650369e-01   2.151233e-02
  1.221524e+00   8.724455e-01   2.136380e-02
  1.226671e+00   8.623923e-01   2.146138e-02
  1.231817e+00   8.558376e-01   2.193919e-02
  1.236964e+00   8.552548e-01   2.180191e-02
  1.242110e+00   8.538098e-01   2.178298e-02
  1.247257e+00   8.343022e-01   2.191711e-02
  1.252404e+00   7.916790e-01   2.179454e-02
  1.257550e+00   7.842732e-01   2.190113e-02
  1.262697e+00   7.826484e-01   2.186365e-02
  1.267843e+00   7.795297e-01   2.181029e-02
  1.272990e+00   7.961951e-01   2.182290e-02
  1.278136e+00   7.788798e-01   2.207334e-02
  1.283283e+00   7.744261e-01   2.171471e-02
  1.288430e+00   7.411338e-01   2.192709e-02
  1.293576e+00   7.191230e-01   2.234965e-02
  1.298723e+00   7.424816e-01   2.239245e-02
  1.303869e+00   7.494812e-01   2.261904e-02
  1.309016e+00   6.982307e-01   2.280698e-02
  1.314162e+00   6.904111e-01   2.275630e-02
  1.319309e+00   6.784576e-01   2.299117e-02
  1.324456e+00   6.548943e-01   2.301297e-02
  1.329602e+00   6.648799e-01   2.287317e-02
  1.334749e+00   6.255266e-01   2.312677e-02
  1.339895e+00   6.309134e-01   2.308183e-02
  1.345042e+00   6.265111e-01   2.309006e-02
  1.350188e+00   6.227142e-01   2.319587e-02
  1.355335e+00   6.306466e-01   2.314725e-02
  1.360482e+00   5.907076e-01   2.278849e-02
  1.365628e+00   5.912187e-01   2.250811e-02
  1.370775e+00   5.906061e-01   2.257614e-02
  1.375921e+00   5.673561e-01   2.232848e-02
  1.381068e+00   5.443257e-01   2.215797e-02
  1.386214e+00   6.004960e-01   2.236666e-02
  1.391361e+00   5.287243e-01   2.195899e-02
  1.396508e+00   5.596560e-01   2.208101e-02
  1.401654e+00   5.683820e-01   2.210321e-02
  1.406801e+00   5.068784e-01   2.214724e-02
  1.411947e+00   5.182198e-01   2.179974e-02
  1.417094e+00   4.768765e-01   2.194986e-02
  1.422240e+00   5.198660e-01   2.180617e-02
  1.427387e+00   5.481940e-01   2.176640e-02
  1.432534e+00   4.542374e-01   2.178601e-02
  1.437680e+00   5.069851e-01   2.172458e-02
  1.442827e+00   4.798486e-01   2.154588e-02
  1.447973e+00   4.590762e-01   2.177530e-02
  1.453120e+00   4.214280e-01   2.157652e-02
  1.458266e+00   4.221011e-01   2.140376e-02
  1.463413e+00   4.215697e-01   2.151938e-02
  1.468560e+00   4.654740e-01   2.137645e-02
  1.473706e+00   4.379748e-01   2.130934e-02
  1.478853e+00   4.008272e-01   2.140200e-02
  1.483999e+00   4.165140e-01   2.132042e-02
  1.489146e+00   4.155912e-01   2.128537e-02
  1.494292e+00   4.049357e-01   2.127565e-02
  1.499439e+00   4.230560e-01   2.121071e-02
  1.504586e+00   4.072212e-01   2.113431e-02
  1.509732e+00   3.909909e-01   2.127656e-02
  1.514879e+00   3.685277e-01   2.112705e-02
  1.520025e+00   3.899039e-01   2.106628e-02
  1.525172e+00   3.368063e-01   2.122798e-02
  1.530318e+00   3.851648e-01   2.104380e-02
  1.535465e+00   3.998437e-01   2.113855e-02
  1.540612e+00   3.840577e-01   2.107697e-02
  1.545758e+00   3.351067e-01   2.099824e-02
  1.550905e+00   3.479706e-01   2.098230e-02
  1.556051e+00   3.689629e-01   2.095461e-02
  1.561198e+00   3.282589e-01   2.091348e-02
  1.566344e+00   3.498370e-01   2.085747e-02
  1.571491e+00   3.289592e-01   2.090220e-02
  1.576638e+00   3.174613e-01   2.094691e-02
  1.581784e+00   3.320515e-01   2.073983e-02
  1.586931e+00   3.337406e-01   2.080161e-02
  1.592077e+00   3.362134e-01   2.084209e-02
  1.597224e+00   3.053850e-01   2.072235e-02
  1.602370e+00   3.035291e-01   2.069717e-02
  1.607517e+00   2.455152e-01   2.075549e-02
  1.612664e+00   2.928538e-01   2.062503e-02
  1.617810e+00   2.521017e-01   2.067265e-02
  1.622957e+00   2.675051e-01   2.059491e-02
  1.628103e+00   2.676134e-01   2.046083e-02
  1.633250e+00   2.764410e-01   2.062025e-02
  1.638396e+00   3.234970e-01   2.064056e-02
  1.643543e+00   3.111986e-01   2.046119e-02
  1.648690e+00   2.451176e-01   2.046809e-02
  1.653836e+00   2.789622e-01   2.056489e-02
  1.658983e+00   2.143358e-01   2.034899e-02
  1.664129e+00   2.187534e-01   2.057933e-02
  1.669276e+00   2.337516e-01   2.046147e-02
  1.674422e+00   2.050417e-01   2.030252e-02
  1.679569e+00   1.984775e-01   2.035238e-02
  1.684716e+00   2.580292e-01   2.047427e-02
  1.689862e+00   2.285712e-01   2.023987e-02
  1.695009e+00   2.358403e-01   2.032056e-02
  1.700155e+00   1.920948e-01   2.036142e-02
  1.705302e+00   2.287864e-01   2.022383e-02
  1.710448e+00   1.689881e-01   2.033278e-02
  1.715595e+00   2.108951e-01   2.025109e-02
  1.720741e+00   1.963368e-01   2.009934e-02
  1.725888e+00   1.962801e-01   2.018218e-02
  1.731035e+00   2.240493e-01   2.020619e-02
  1.736181e+00   1.584603e-01   2.000185e-02
  1.741328e+00   2.217506e-01   2.009879e-02
  1.746474e+00   1.673837e-01   2.014351e-02
  1.751621e+00   1.657140e-01   2.002196e-02
  1.756767e+00   1.449982e-01   1.983926e-02
  1.761914e+00   2.051137e-01   2.000693e-02
  1.767061e+00   1.711334e-01   1.976207e-02
  1.772207e+00   1.908896e-01   1.981590e-02
  1.777354e+00   2.188077e-01   1.999014e-02
  1.782500e+00   1.726458e-01   1.984173e-02
  1.787647e+00   1.880989e-01   1.973645e-02
  1.792793e+00   2.186239e-01   1.998447e-02
  1.797940e+00   1.700760e-01   1.975211e-02
  1.803087e+00   1.978166e-01   1.976618e-02
  1.808233e+00   1.592911e-01   1.977912e-02
  1.813380e+00   1.583504e-01   1.973156e-02
  1.818526e+00   1.614795e-01   1.954199e-02
  1.823673e+00   1.352226e-01   1.973474e-02
  1.828819e+00   1.499066e-01   1.964481e-02
  1.833966e+00   1.387960e-01   1.962188e-02
  1.839113e+00   1.596564e-01   1.969822e-02
  1.844259e+00   1.143995e-01   1.961583e-02
  1.849406e+00   1.448063e-01   1.946168e-02
  1.854552e+00   1.462785e-01   1.968624e-02
  1.859699e+00   1.157220e-01   1.960545e-02
  1.864845e+00   1.424728e-01   1.957062e-02
  1.869992e+00   1.536025e-01   1.968327e-02
  1.875139e+00   1.198953e-01   1.957292e-02
  1.880285e+00   1.208546e-01   1.951376e-02
  1.885432e+00   1.033450e-01   1.962406e-02
  1.890578e+00   1.281853e-01   1.949844e-02
  1.895725e+00   1.318949e-01   1.941516e-02
  1.900871e+00   1.458571e-01   1.965322e-02
  1.906018e+00   1.254797e-01   1.948880e-02
  1.911165e+00   1.368253e-01   1.944181e-02
  1.916311e+00   1.069920e-01   1.954124e-02
  1.921458e+00   1.336653e-01   1.951378e-02
  1.926604e+00   1.188635e-01   1.946852e-02
  1.931751e+00   1.202935e-01   1.953853e-02
  1.936897e+00   1.200082e-01   1.943769e-02
  1.942044e+00   1.046340e-01   1.929817e-02
  1.947191e+00   1.456658e-01   1.952176e-02
  1.952337e+00   1.286840e-01   1.942566e-02
  1.957484e+00   8.138953e-02   1.931223e-02
  1.962630e+00   1.366609e-01   1.958164e-02
  1.967777e+00   1.197264e-01   1.946320e-02
  1.972923e+00   7.437391e-02   1.932647e-02
  1.978070e+00   1.164544e-01   1.939155e-02
  1.983217e+00   1.328529e-01   1.935346e-02
  1.988363e+00   9.691211e-02   1.928829e-02
  1.993510e+00   9.015025e-02   1.938532e-02
  1.998656e+00   1.037853e-01   1.938942e-02
  2.003803e+00   9.143286e-02   1.931273e-02
  2.008949e+00   9.531757e-02   1.939196e-02
  2.014096e+00   1.295497e-01   1.935554e-02
  2.019243e+00   9.015149e-02   1.923488e-02
  2.024389e+00   1.105800e-01   1.930844e-02
  2.029536e+00   1.106064e-01   1.924438e-02
  2.034682e+00   1.145792e-01   1.923516e-02
  2.039829e+00   9.139229e-02   1.929593e-02
  2.044975e+00   8.187903e-02   1.923230e-02
  2.050122e+00   1.247577e-01   1.927800e-02
  2.055269e+00   7.555778e-02   1.930705e-02
  2.060415e+00   9.733415e-02   1.926238e-02
  2.065562e+00   1.175443e-01   1.912963e-02
  2.070708e+00   6.966694e-02   1.923305e-02
  2.075855e+00   5.730463e-02   1.916878e-02
  2.081001e+00   1.059298e-01   1.917061e-02
  2.086148e+00   7.995318e-02   1.924184e-02
  2.091295e+00   1.020679e-01   1.917755e-02
  2.096441e+00   8.457638e-02   1.919541e-02
  2.101588e+00   7.719288e-02   1.908645e-02
  2.106734e+00   7.773117e-02   1.914782e-02
  2.111881e+00   7.901429e-02   1.948129e-02
  2.117027e+00   9.356759e-02   1.978057e-02
  2.122174e+00   7.218729e-02   1.984373e-02
  2.127321e+00   1.097769e-01   2.004124e-02
  2.132467e+00   4.724992e-02   2.024310e-02
  2.137614e+00   9.205751e-02   2.029353e-02
  2.142760e+00   1.173922e-01   2.043150e-02
  2.147907e+00   8.028843e-02   2.044323e-02
  2.153053e+00   8.575706e-02   2.056688e-02
  2.158200e+00   7.979859e-02   2.059202e-02
  2.163347e+00   9.836031e-02   2.081634e-02
  2.168493e+00   1.086377e-01   2.079043e-02
  2.173640e+00   9.289253e-02   2.069588e-02
  2.178786e+00   4.250687e-02   2.040852e-02
  2.183933e+00   4.611208e-02   2.031660e-02
  2.189079e+00   8.828405e-02   2.011893e-02
  2.194226e+00   9.246431e-02   1.992627e-02
  2.199373e+00   9.346871e-02   1.991014e-02
  2.204519e+00   6.939681e-02   1.984220e-02
  2.209666e+00   7.162678e-02   1.985420e-02
  2.214812e+00   7.405839e-02   1.982857e-02
  2.219959e+00   1.447285e-01   1.961486e-02
  2.225105e+00   5.782576e-02   1.970051e-02
  2.230252e+00   8.533933e-02   1.972321e-02
  2.235399e+00   7.034102e-02   1.949347e-02
  2.240545e+00   1.280654e-01   1.951117e-02
  2.245692e+00   9.309637e-02   1.957129e-02
  2.250838e+00   9.333271e-02   1.944331e-02
  2.255985e+00   5.688552e-02   1.944160e-02
  2.261131e+00   1.154558e-01   1.951579e-02
  2.266278e+00   7.964741e-02   1.935955e-02
  2.271425e+00   8.182111e-02   1.945307e-02
  2.276571e+00   7.700264e-02   1.941662e-02
  2.281718e+00   1.040797e-01   1.934417e-02
  2.286864e+00   1.417248e-01   1.942171e-02
  2.292011e+00   8.939745e-02   1.942574e-02
  2.297157e+00   7.598417e-02   1.918979e-02
  2.302304e+00   1.359043e-01   1.931319e-02
  2.307451e+00   1.115011e-01   1.941310e-02
  2.312597e+00   9.991207e-02   1.928282e-02
  2.317744e+00   8.186456e-02   1.916826e-02
  2.322890e+00   7.582837e-02   1.931335e-02
  2.328037e+00   1.060132e-01   1.915694e-02
  2.333183e+00   9.714864e-02   1.918513e-02
  2.338330e+00   8.640346e-02   1.927354e-02
  2.343477e+00   7.109259e-02   1.916064e-02
  2.348623e+00   1.018215e-01   1.908945e-02
  2.353770e+00   8.870345e-02   1.922358e-02
  2.358916e+00   1.174796e-01   1.916095e-02
  2.364063e+00   9.861756e-02   1.905039e-02
  2.369209e+00   1.100241e-01   1.912829e-02
  2.374356e+00   1.065653e-01   1.915923e-02
  2.379503e+00   7.599152e-02   1.896423e-02
  2.384649e+00   8.827488e-02   1.913219e-02
  2.389796e+00   7.142252e-02   1.896924e-02
  2.394942e+00   8.679318e-02   1.894924e-02
  2.400089e+00   8.379307e-02   1.912577e-02
  2.405235e+00   1.057013e-01   1.901408e-02
  2.410382e+00   1.010092e-01   1.890984e-02
  2.415529e+00   1.268824e-01   1.900026e-02
  2.420675e+00   5.373951e-02   1.891066e-02
  2.425822e+00   9.130112e-02   1.885102e-02
  2.430968e+00   1.010913e-01   1.901853e-02
  2.436115e+00   7.936134e-02   1.891480e-02
  2.441261e+00   9.077546e-02   1.878758e-02
  2.446408e+00   6.913206e-02   1.896101e-02
  2.451555e+00   6.948689e-02   1.880215e-02
  2.456701e+00   7.684824e-02   1.869948e-02
  2.461848e+00   1.106989e-01   1.887067e-02
  2.466994e+00   6.150673e-02   1.868832e-02
  2.472141e+00   7.815630e-02   1.866085e-02
  2.477287e+00   8.346975e-02   1.876749e-02
  2.482434e+00   1.061230e-01   1.868076e-02
  2.487581e+00   9.743690e-02   1.857600e-02
  2.492727e+00   1.056529e-01   1.875375e-02
  2.497874e+00   8.066651e-02   1.852873e-02
  2.503020e+00   8.762979e-02   1.851612e-02
  2.508167e+00   1.431580e-01   1.855846e-02
  2.513313e+00   9.266166e-02   1.860457e-02
  2.518460e+00   1.080684e-01   1.844658e-02
  2.523606e+00   1.041497e-01   1.865329e-02
  2.528753e+00   1.014323e-01   1.850655e-02
  2.533900e+00   8.719974e-02   1.848589e-02
  2.539046e+00   8.239258e-02   1.850334e-02
  2.544193e+00   9.601324e-02   1.849412e-02
  2.549339e+00   7.404783e-02   1.839725e-02
  2.554486e+00   7.681962e-02   1.857860e-02
  2.559632e+00   6.549800e-02   1.840732e-02
  2.564779e+00   9.243330e-02   1.835559e-02
  2.569926e+00   1.061038e-01   1.853513e-02
  2.575072e+00   7.600732e-02   1.887594e-02
  2.580219e+00   8.824302e-02   1.895879e-02
  2.585365e+00   1.328687e-01   1.924085e-02
  2.590512e+00   9.395628e-02   1.934001e-02
  2.595658e+00   1.052961e-01   1.927270e-02
  2.600805e+00   8.285206e-02   1.908621e-02
  2.605952e+00   9.097233e-02   1.889665e-02
  2.611098e+00   7.453501e-02   1.872389e-02
  2.616245e+00   7.505991e-02   1.888266e-02
  2.621391e+00   6.138945e-02   1.873100e-02
  2.626538e+00   1.008330e-01   1.861037e-02
  2.631684e+00   1.061559e-01   1.868858e-02
  2.636831e+00   8.631796e-02   1.858326e-02
  2.641978e+00   1.144500e-01   1.850119e-02
  2.647124e+00   8.371132e-02   1.870175e-02
  2.652271e+00   1.094952e-01   1.861734e-02
  2.657417e+00   7.638772e-02   1.851985e-02
  2.662564e+00   1.046171e-01   1.862734e-02
  2.667710e+00   8.493238e-02   1.860347e-02
  2.672857e+00   7.032497e-02   1.849713e-02
  2.678004e+00   8.929907e-02   1.852510e-02
  2.683150e+00   1.044924e-01   1.849383e-02
  2.688297e+00   9.773555e-02   1.842824e-02
  2.693443e+00   9.383729e-02   1.853307e-02
  2.698590e+00   8.386002e-02   1.849904e-02
  2.703736e+00   6.290201e-02   1.840996e-02
  2.708883e+00   8.842160e-02   1.850384e-02
  2.714030e+00   9.361560e-02   1.841865e-02
  2.719176e+00   7.620279e-02   1.831183e-02
  2.724323e+00   8.334848e-02   1.841438e-02
  2.729469e+00   1.020825e-01   1.834036e-02
  2.734616e+00   1.038184e-01   1.832874e-02
  2.739762e+00   1.205370e-01   1.836151e-02
  2.744909e+00   8.982270e-02   1.839332e-02
  2.750056e+00   9.360538e-02   1.822215e-02
  2.755202e+00   1.128068e-01   1.841465e-02
  2.760349e+00   1.277032e-01   1.826579e-02
  2.765495e+00   1.045795e-01   1.823812e-02
  2.770642e+00   7.033373e-02   1.827795e-02
  2.775788e+00   1.161654e-01   1.830744e-02
  2.780935e+00   9.866191e-02   1.816499e-02
  2.786082e+00   7.976268e-02   1.827348e-02
  2.791228e+00   1.413967e-01   1.827570e-02
  2.796375e+00   1.150363e-01   1.824176e-02
  2.801521e+00   9.632985e-02   1.825448e-02
  2.806668e+00   1.302965e-01   1.817765e-02
  2.811814e+00   9.790243e-02   1.809756e-02
  2.816961e+00   1.316678e-01   1.849065e-02
  2.822108e+00   1.029110e-01   1.856150e-02
  2.827254e+00   8.935300e-02   1.863091e-02
  2.832401e+00   9.021017e-02   1.870513e-02
  2.837547e+00   1.001431e-01   1.880325e-02
  2.842694e+00   8.807267e-02   1.871079e-02
  2.847840e+00   1.052301e-01   1.873577e-02
  2.852987e+00   7.269347e-02   1.875073e-02
  2.858134e+00   1.082799e-01   1.864190e-02
  2.863280e+00   9.800791e-02   1.874552e-02
  2.868427e+00   6.613585e-02   1.870074e-02
  2.873573e+00   1.021807e-01   1.865074e-02
  2.878720e+00   9.922476e-02   1.866981e-02
  2.883866e+00   8.544630e-02   1.865887e-02
  2.889013e+00   1.079228e-01   1.855142e-02
  2.894160e+00   1.103600e-01   1.857886e-02
  2.899306e+00   9.978536e-02   1.855372e-02
  2.904453e+00   1.017143e-01   1.845342e-02
  2.909599e+00   8.578433e-02   1.855796e-02
  2.914746e+00   1.274435e-01   1.862986e-02
  2.919892e+00   9.190778e-02   1.849826e-02
  2.925039e+00   9.079912e-02   1.864761e-02
  2.930186e+00   9.824689e-02   1.888673e-02
  2.935332e+00   9.914433e-02   1.913545e-02
  2.940479e+00   1.059705e-01   1.945199e-02
  2.945625e+00   1.047271e-01   1.959186e-02
  2.950772e+00   1.293074e-01   1.970149e-02
  2.955918e+00   1.347991e-01   1.988884e-02
  2.961065e+00   1.174946e-01   1.996318e-02
  2.966212e+00   7.871583e-02   2.005103e-02
  2.971358e+00   1.157329e-01   2.026203e-02
  2.976505e+00   1.013902e-01   2.032412e-02
  2.981651e+00   1.117657e-01   2.034950e-02
  2.986798e+00   9.058112e-02   2.061208e-02
  2.991944e+00   9.691106e-02   2.060258e-02
  2.997091e+00   1.111146e-01   2.016903e-02
  3.002238e+00   7.600715e-02   2.003066e-02
  3.007384e+00   1.431463e-01   1.992648e-02
  3.012531e+00   8.396129e-02   1.969466e-02
  3.017677e+00   1.010978e-01   1.970142e-02
  3.022824e+00   1.409293e-01   1.972003e-02
  3.027970e+00   5.250364e-02   1.951136e-02
  3.033117e+00   6.774746e-02   1.957111e-02
  3.038264e+00   5.594032e-02   1.961972e-02
  3.043410e+00   1.093686e-01   1.945176e-02
  3.048557e+00   9.226249e-02   1.954756e-02
  3.053703e+00   1.243311e-01   1.958524e-02
  3.058850e+00   1.020918e-01   1.958128e-02
  3.063996e+00   7.180233e-02   1.957055e-02
  3.069143e+00   6.264158e-02   1.958588e-02
  3.074290e+00   6.650119e-02   1.940846e-02
  3.079436e+00   8.191809e-02   1.952238e-02
  3.084583e+00   1.188821e-01   1.958029e-02
  3.089729e+00   8.901522e-02   1.941923e-02
  3.094876e+00   8.342617e-02   1.942787e-02
  3.100022e+00   9.113294e-02   1.947434e-02
  3.105169e+00   1.036988e-01   1.938747e-02
  3.110316e+00   8.513761e-02   1.946301e-02
  3.115462e+00   1.507873e-01   1.939720e-02
  3.120609e+00   1.237177e-01   1.924011e-02
  3.125755e+00   7.845108e-02   1.922266e-02
  3.130902e+00   1.177673e-01   1.935564e-02
  3.136048e+00   9.310074e-02   1.907235e-02
  3.141195e+00   8.227367e-02   1.919429e-02
  3.146342e+00   9.144834e-02   1.911887e-02
  3.151488e+00   8.573960e-02   1.897391e-02
  3.156635e+00   8.950791e-02   1.904650e-02
  3.161781e+00   6.271311e-02   1.913387e-02
  3.166928e+00   8.525949e-02   1.893367e-02
  3.172074e+00   1.011254e-01   1.904057e-02
  3.177221e+00   9.086331e-02   1.906936e-02
  3.182368e+00   8.205922e-02   1.895688e-02
  3.187514e+00   5.068067e-02   1.896286e-02
  3.192661e+00   5.371131e-02   1.909238e-02
  3.197807e+00   1.450192e-01   1.889779e-02
  3.202954e+00   7.469442e-02   1.896969e-02
  3.208100e+00   8.049722e-02   1.898876e-02
  3.213247e+00   8.658553e-02   1.885452e-02
  3.218394e+00   9.327514e-02   1.898982e-02
  3.223540e+00   8.029798e-02   1.901991e-02
  3.228687e+00   7.623768e-02   1.879526e-02
  3.233833e+00   1.027850e-01   1.888028e-02
  3.238980e+00   9.717313e-02   1.909426e-02
  3.244126e+00   6.768577e-02   1.879738e-02
  3.249273e+00   9.273392e-02   1.879304e-02
  3.254420e+00   4.944407e-02   1.898082e-02
  3.259566e+00   8.444054e-02   1.875554e-02
  3.264713e+00   8.118704e-02   1.884110e-02
  3.269859e+00   1.117217e-01   1.898730e-02
  3.275006e+00   1.030011e-01   1.876103e-02
  3.280152e+00   6.942321e-02   1.882027e-02
  3.285299e+00   1.007979e-01   1.902767e-02
  3.290446e+00   1.267948e-01   1.876253e-02
  3.295592e+00   1.036523e-01   1.884802e-02
  3.300739e+00   8.298602e-02   1.891883e-02
  3.305885e+00   8.965376e-02   1.871516e-02
  3.311032e+00   8.827206e-02   1.881219e-02
  3.316178e+00   7.669637e-02   1.891484e-02
  3.321325e+00   9.396774e-02   1.873665e-02
  3.326471e+00   5.325479e-02   1.878542e-02
  3.331618e+00   7.895748e-02   1.883872e-02
  3.336765e+00   9.936644e-02   1.862907e-02
  3.341911e+00   8.153917e-02   1.869487e-02
  3.347058e+00   9.840319e-02   1.876258e-02
  3.352204e+00   5.029888e-02   1.859957e-02
  3.357351e+00   7.138903e-02   1.864550e-02
  3.362497e+00   1.012734e-01   1.880032e-02
  3.367644e+00   7.827154e-02   1.856986e-02
  3.372791e+00   6.588250e-02   1.874618e-02
  3.377937e+00   9.397349e-02   1.873644e-02
  3.383084e+00   9.995450e-02   1.868334e-02
  3.388230e+00   7.801589e-02   1.866910e-02
  3.393377e+00   1.012135e-01   1.875506e-02
  3.398523e+00   8.008583e-02   1.860990e-02
  3.403670e+00   1.255724e-01   1.867500e-02
  3.408817e+00   4.196145e-02   1.875601e-02
  3.413963e+00   7.219079e-02   1.864502e-02
  3.419110e+00   5.498409e-02   1.863439e-02
  3.424256e+00   9.534676e-02   1.877191e-02
  3.429403e+00   7.219290e-02   1.851932e-02
  3.434549e+00   7.711414e-02   1.866444e-02
  3.439696e+00   5.501956e-02   1.870198e-02
  3.444843e+00   9.150683e-02   1.860022e-02
  3.449989e+00   6.515035e-02   1.856605e-02
  3.455136e+00   1.043070e-01   1.872044e-02
  3.460282e+00   1.152739e-01   1.859157e-02
  3.465429e+00   9.875633e-02   1.861337e-02
  3.470575e+00   7.084816e-02   1.865125e-02
  3.475722e+00   5.885128e-02   1.854009e-02
  3.480869e+00   7.051542e-02   1.849624e-02
  3.486015e+00   9.305091e-02   1.872946e-02
  3.491162e+00   6.304299e-02   1.846937e-02
  3.496308e+00   8.354903e-02   1.857206e-02
  3.501455e+00   6.397575e-02   1.866186e-02
  3.506601e+00   4.590587e-02   1.857408e-02
  3.511748e+00   8.054505e-02   1.848319e-02
  3.516895e+00   6.514055e-02   1.865230e-02
  3.522041e+00   5.385926e-02   1.847577e-02
  3.527188e+00   1.263279e-01   1.854639e-02
  3.532334e+00   4.793109e-02   1.858454e-02
  3.537481e+00   7.497278e-02   1.858422e-02
  3.542627e+00   7.321693e-02   1.851152e-02
  3.547774e+00   5.723306e-02   1.866971e-02
  3.552921e+00   8.604587e-02   1.855709e-02
  3.558067e+00   7.645639e-02   1.853909e-02
  3.563214e+00   5.730471e-02   1.863339e-02
  3.568360e+00   8.822117e-02   1.854451e-02
  3.573507e+00   5.423578e-02   1.847436e-02
  3.578653e+00   5.744809e-02   1.865421e-02
  3.583800e+00   6.009434e-02   1.853325e-02
  3.588947e+00   7.391448e-02   1.857873e-02
  3.594093e+00   7.360662e-02   1.864686e-02
  3.599240e+00   6.734505e-02   1.859889e-02
  3.604386e+00   9.475436e-02   1.847225e-02
  3.609533e+00   7.998885e-02   1.872230e-02
  3.614679e+00   9.003730e-02   1.851478e-02
  3.619826e+00   5.119543e-02   1.858711e-02
  3.624973e+00   3.028450e-02   1.860556e-02
  3.630119e+00   5.777445e-02   1.857542e-02
  3.635266e+00   7.163912e-02   1.854211e-02
  3.640412e+00   6.035648e-02   1.874153e-02
  3.645559e+00   6.533259e-02   1.852060e-02
  3.650705e+00   9.202511e-02   1.853428e-02
  3.655852e+00   5.017327e-02   1.858563e-02
  3.660999e+00   9.226131e-02   1.852297e-02
  3.666145e+00   4.154238e-02   1.849518e-02
  3.671292e+00   7.760156e-02   1.872065e-02
  3.676438e+00   5.728779e-02   1.847317e-02
  3.681585e+00   5.695559e-02   1.853181e-02
  3.686731e+00   6.280296e-02   1.865350e-02
  3.691878e+00   6.688128e-02   1.858301e-02
  3.697025e+00   5.431803e-02   1.845206e-02
  3.702171e+00   8.660714e-02   1.868492e-02
  3.707318e+00   6.992398e-02   1.848962e-02
  3.712464e+00   9.667475e-02   1.855337e-02
  3.717611e+00   5.722084e-02   1.864063e-02
  3.722757e+00   8.317819e-02   1.850794e-02
  3.727904e+00   6.247492e-02   1.852873e-02
  3.733051e+00   6.750625e-02   1.876178e-02
  3.738197e+00   6.639325e-02   1.847100e-02
  3.743344e+00   1.051532e-01   1.859998e-02
  3.748490e+00   7.323714e-02   1.897716e-02
  3.753637e+00   9.290901e-02   1.921468e-02
  3.758783e+00   9.444494e-02   1.944460e-02
  3.763930e+00   6.613780e-02   1.969685e-02
  3.769077e+00   9.146740e-02   1.973674e-02
  3.774223e+00   6.974290e-02   2.000308e-02
  3.779370e+00   6.401658e-02   2.006040e-02
  3.784516e+00   9.017904e-02   1.993370e-02
  3.789663e+00   6.144951e-02   2.000590e-02
  3.794809e+00   7.806670e-02   2.026950e-02
  3.799956e+00   8.156593e-02   2.008874e-02
  3.805103e+00   7.004900e-02   2.025959e-02
  3.810249e+00   8.127902e-02   2.030903e-02
  3.815396e+00   3.760411e-02   1.962096e-02
  3.820542e+00   7.223179e-02   1.946525e-02
  3.825689e+00   8.636842e-02   1.950701e-02
  3.830835e+00   9.861527e-02   1.919982e-02
  3.835982e+00   5.676623e-02   1.921429e-02
  3.841129e+00   5.638627e-02   1.928213e-02
  3.846275e+00   5.379995e-02   1.916019e-02
  3.851422e+00   3.554036e-02   1.915673e-02
  3.856568e+00   6.392538e-02   1.936392e-02
  3.861715e+00   6.797178e-02   1.901727e-02
  3.866861e+00   7.485421e-02   1.924660e-02
  3.872008e+00   7.865264e-02   1.933620e-02
  3.877155e+00   9.024730e-02   1.916160e-02
  3.882301e+00   7.033097e-02   1.920218e-02
  3.887448e+00   5.642206e-02   1.928690e-02
  3.892594e+00   3.490878e-02   1.911095e-02
  3.897741e+00   5.914215e-02   1.923306e-02
  3.902887e+00   5.136859e-02   1.931116e-02
  3.908034e+00   7.154726e-02   1.911263e-02
  3.913181e+00   2.490609e-02   1.917984e-02
  3.918327e+00   4.807615e-02   1.927891e-02
  3.923474e+00   7.945779e-02   1.911929e-02
  3.928620e+00   6.691082e-02   1.920090e-02
  3.933767e+00   8.348394e-02   1.927726e-02
  3.938913e+00   7.452544e-02   1.917409e-02
  3.944060e+00   5.151007e-02   1.920844e-02
  3.949207e+00   9.825003e-02   1.939413e-02
  3.954353e+00   8.841058e-02   1.918933e-02
  3.959500e+00   4.454743e-02   1.938763e-02
  3.964646e+00   5.511488e-02   1.939097e-02
  3.969793e+00   8.182560e-02   1.925561e-02
  3.974939e+00   7.361714e-02   1.933653e-02
  3.980086e+00   4.747701e-02   1.941908e-02
  3.985233e+00   1.032474e-01   1.930828e-02
  3.990379e+00   6.164447e-02   1.940343e-02
  3.995526e+00   9.397504e-02   1.945561e-02
  4.000672e+00   9.600959e-02   1.940253e-02
  4.005819e+00   7.159368e-02   1.955053e-02
  4.010965e+00   6.338174e-02   1.948787e-02
  4.016112e+00   8.554135e-02   1.937771e-02
  4.021259e+00   5.721254e-02   1.948366e-02
  4.026405e+00   7.892891e-02   1.947485e-02
  4.031552e+00   6.416258e-02   1.951281e-02
  4.036698e+00   5.509768e-02   1.951420e-02
  4.041845e+00   7.051769e-02   1.951008e-02
  4.046991e+00   6.612331e-02   1.949955e-02
  4.052138e+00   5.676910e-02   1.966065e-02
  4.057285e+00   5.612852e-02   1.954032e-02
  4.062431e+00   8.558516e-02   1.951539e-02
  4.067578e+00   4.865633e-02   1.965286e-02
  4.072724e+00   5.906438e-02   1.965459e-02
  4.077871e+00   4.777611e-02   1.951759e-02
  4.083017e+00   7.561260e-02   1.972233e-02
  4.088164e+00   4.957158e-02   1.960745e-02
  4.093311e+00   5.708198e-02   1.963487e-02
  4.098457e+00   9.087567e-02   1.976739e-02
  4.103604e+00   7.618626e-02   1.965700e-02
  4.108750e+00   7.175296e-02   1.964376e-02
  4.113897e+00   7.571794e-02   1.978654e-02
  4.119043e+00   4.569132e-02   1.973849e-02
  4.124190e+00   5.913700e-02   1.969341e-02
  4.129336e+00   5.732329e-02   1.978929e-02
  4.134483e+00   6.413424e-02   1.973250e-02
  4.139630e+00   3.976681e-02   1.976519e-02
  4.144776e+00   7.205629e-02   1.984094e-02
  4.149923e+00   5.814206e-02   1.979263e-02
  4.155069e+00   3.131186e-02   1.971281e-02
  4.160216e+00   6.380938e-02   1.986925e-02
  4.165362e+00   8.742941e-02   1.987563e-02
  4.170509e+00   7.189919e-02   1.980142e-02
  4.175656e+00   4.394012e-02   1.990347e-02
  4.180802e+00   8.975105e-02   1.989037e-02
  4.185949e+00   6.720847e-02   2.004540e-02
  4.191095e+00   9.165174e-02   2.014553e-02
  4.196242e+00   5.403168e-02   2.013253e-02
  4.201388e+00   6.542804e-02   2.023162e-02
  4.206535e+00   5.761322e-02   2.036140e-02
  4.211682e+00   9.332320e-02   2.042506e-02
  4.216828e+00   8.825134e-02   2.047992e-02
  4.221975e+00   9.724671e-02   2.056508e-02
  4.227121e+00   4.781319e-02   2.054312e-02
  4.232268e+00   6.649145e-02   2.060699e-02
  4.237414e+00   2.872571e-02   2.065580e-02
  4.242561e+00   7.631185e-02   2.082593e-02
  4.247708e+00   7.343990e-02   2.078110e-02
  4.252854e+00   7.449647e-02   2.086759e-02
  4.258001e+00   3.900499e-02   2.081026e-02
  4.263147e+00   6.965945e-02   2.099343e-02
  4.268294e+00   4.311860e-02   2.097424e-02
  4.273440e+00   2.212655e-02   2.108854e-02
  4.278587e+00   5.216688e-02   2.110215e-02
  4.283734e+00   6.944775e-02   2.122999e-02
  4.288880e+00   6.584467e-02   2.118024e-02
  4.294027e+00   8.999074e-03   2.116829e-02
  4.299173e+00   5.445202e-02   2.131001e-02
  4.304320e+00   6.973013e-02   2.123319e-02
  4.309466e+00   6.442797e-02   2.128112e-02
  4.314613e+00   1.323970e-02   2.126654e-02
  4.319760e+00   8.302049e-02   2.129288e-02
  4.324906e+00   6.282655e-02   2.139991e-02
  4.330053e+00   6.516184e-02   2.138210e-02
  4.335199e+00   7.213288e-02   2.143317e-02
  4.340346e+00   6.980901e-02   2.134413e-02
  4.345492e+00   5.193199e-02   2.136375e-02
  4.350639e+00   4.826539e-02   2.139961e-02
  4.355786e+00   6.435053e-02   2.163566e-02
  4.360932e+00   1.576862e-02   2.151434e-02
  4.366079e+00   5.233647e-03   2.151347e-02
  4.371225e+00   1.769647e-02   2.158507e-02
  4.376372e+00   4.371794e-02   2.171393e-02
  4.381518e+00   5.789884e-02   2.166853e-02
  4.386665e+00   5.234353e-02   2.168461e-02
  4.391812e+00   7.420441e-02   2.166326e-02
  4.396958e+00   7.984303e-02   2.171863e-02
  4.402105e+00   8.202707e-02   2.173807e-02
  4.407251e+00   5.332325e-02   2.178392e-02
  4.412398e+00   7.398409e-02   2.179413e-02
  4.417544e+00   7.969587e-02   2.193106e-02
  4.422691e+00   1.189673e-01   2.199086e-02
  4.427838e+00   8.197967e-02   2.200144e-02
  4.432984e+00   8.164080e-02   2.206284e-02
  4.438131e+00   5.033478e-02   2.223055e-02
  4.443277e+00   4.222775e-02   2.217175e-02
  4.448424e+00   1.056280e-01   2.236646e-02
  4.453570e+00   4.310251e-02   2.230213e-02
  4.458717e+00   5.647085e-02   2.255491e-02
  4.463864e+00   5.832065e-02   2.255847e-02
  4.469010e+00   5.665910e-02   2.277617e-02
  4.474157e+00   3.232922e-02   2.261863e-02
  4.479303e+00   6.398721e-02   2.268123e-02
  4.484450e+00   6.063709e-02   2.283310e-02
  4.489596e+00   5.920303e-02   2.286440e-02
  4.494743e+00   7.393822e-02   2.293020e-02
  4.499890e+00   5.817889e-02   2.304291e-02
  4.505036e+00   6.813349e-02   2.310818e-02
  4.510183e+00   8.269164e-02   2.316225e-02
  4.515329e+00   4.791639e-02   2.333339e-02
  4.520476e+00   6.548428e-02   2.333199e-02
  4.525622e+00   6.590073e-02   2.327450e-02
  4.530769e+00   8.215071e-02   2.339352e-02
  4.535916e+00   8.499920e-02   2.351094e-02
  4.541062e+00   8.583614e-02   2.357159e-02
  4.546209e+00   7.412679e-02   2.364595e-02
  4.551355e+00   1.044460e-01   2.359477e-02
  4.556502e+00   4.942154e-02   2.367692e-02
  4.561648e+00   9.816457e-02   2.382664e-02
  4.566795e+00   2.453962e-02   2.374552e-02
  4.571942e+00   5.176271e-02   2.382080e-02
  4.577088e+00   5.116794e-02   2.388166e-02
  4.582235e+00   5.721639e-02   2.409770e-02
  4.587381e+00   4.613072e-02   2.423466e-02
  4.592528e+00   4.665315e-02   2.415600e-02
  4.597674e+00   5.447084e-02   2.443733e-02
  4.602821e+00   6.290416e-02   2.440963e-02
  4.607968e+00   8.252911e-02   2.468286e-02
  4.613114e+00   3.268799e-02   2.465798e-02
  4.618261e+00   1.215091e-01   2.465668e-02
  4.623407e+00   7.310786e-02   2.465213e-02
  4.628554e+00   1.097690e-01   2.463158e-02
  4.633700e+00   5.402412e-02   2.471247e-02
  4.638847e+00   6.040797e-02   2.476608e-02
  4.643994e+00   1.074626e-01   2.485981e-02
  4.649140e+00   9.140185e-02   2.487907e-02
  4.654287e+00   6.726014e-02   2.488710e-02
  4.659433e+00   1.000069e-01   2.499213e-02
  4.664580e+00   8.971739e-02   2.487012e-02
  4.669726e+00   4.841527e-02   2.491977e-02
  4.674873e+00   7.440893e-02   2.492535e-02
  4.680020e+00   9.749746e-03   2.496891e-02
  4.685166e+00   1.119633e-01   2.519882e-02
  4.690313e+00   1.130561e-01   2.517408e-02
  4.695459e+00   5.789102e-02   2.526875e-02
  4.700606e+00   4.424796e-02   2.544896e-02
  4.705752e+00  -2.126460e-03   2.545111e-02
  4.710899e+00   5.337903e-02   2.546756e-02
  4.716046e+00   7.497890e-02   2.563899e-02
  4.721192e+00   6.883499e-02   2.568051e-02
  4.726339e+00   2.748985e-02   2.572212e-02
  4.731485e+00   9.908156e-02   2.591678e-02
  4.736632e+00   7.081802e-02   2.593529e-02
  4.741778e+00   2.721756e-02   2.599773e-02
  4.746925e+00   4.277272e-02   2.623689e-02
  4.752072e+00   8.587162e-02   2.633808e-02
  4.757218e+00   6.736875e-02   2.622670e-02
  4.762365e+00   8.031334e-02   2.639949e-02
  4.767511e+00   9.281741e-02   2.638832e-02
  4.772658e+00  -3.235727e-03   2.647623e-02
  4.777804e+00   9.126301e-02   2.673588e-02
  4.782951e+00   1.183488e-01   2.680884e-02
  4.788098e+00   4.997363e-02   2.678063e-02
  4.793244e+00  -1.429530e-02   2.687724e-02
  4.798391e+00   2.331985e-02   2.717109e-02
  4.803537e+00   4.533125e-02   2.695408e-02
  4.808684e+00   5.692877e-02   2.713499e-02
  4.813830e+00   6.755102e-02   2.728251e-02
  4.818977e+00   7.383873e-02   2.726575e-02
  4.824124e+00   6.010038e-02   2.738315e-02
  4.829270e+00   1.210684e-01   2.759122e-02
  4.834417e+00   7.561093e-02   2.768012e-02
  4.839563e+00  -9.139590e-03   2.771281e-02
  4.844710e+00   5.502867e-02   2.793197e-02
  4.849856e+00   2.468765e-02   2.777167e-02
  4.855003e+00   5.722770e-02   2.786666e-02
  4.860150e+00   9.909899e-02   2.806494e-02
  4.865296e+00   5.182299e-02   2.811627e-02
  4.870443e+00   1.133850e-01   2.829414e-02
  4.875589e+00   6.917059e-02   2.827302e-02
  4.880736e+00   3.619181e-02   2.838196e-02
  4.885882e+00   5.253423e-02   2.850023e-02
  4.891029e+00   1.217845e-01   2.881200e-02
  4.896176e+00   7.213464e-02   2.868974e-02
  4.901322e+00   7.951665e-02   2.874007e-02
  4.906469e+00   1.160602e-01   2.883931e-02
  4.911615e+00   9.966591e-02   2.898786e-02
  4.916762e+00   8.523517e-02   2.903648e-02
  4.921908e+00   7.119589e-02   2.919043e-02
  4.927055e+00   1.130388e-01   2.924788e-02
  4.932201e+00   3.584963e-02   2.945344e-02
  4.937348e+00   3.874985e-02   2.950629e-02
  4.942495e+00   5.263724e-02   2.961759e-02
  4.947641e+00   6.631912e-02   2.957611e-02
  4.952788e+00   5.331514e-02   2.955494e-02
  4.957934e+00   7.175394e-02   2.966136e-02
  4.963081e+00   5.696482e-02   2.970441e-02
  4.968227e+00   5.785145e-02   2.963997e-02
  4.973374e+00   6.502820e-02   2.973435e-02
  4.978521e+00   7.450578e-02   2.985173e-02
  4.983667e+00   4.152545e-02   2.990890e-02
  4.988814e+00   1.165496e-01   3.029121e-02
  4.993960e+00   9.306147e-02   3.004968e-02
  4.999107e+00   1.615851e-01   3.015578e-02
  5.004253e+00   1.239723e-01   3.039608e-02
  5.009400e+00   1.086741e-01   3.076724e-02
  5.014547e+00   8.381283e-02   3.098151e-02
  5.019693e+00   1.020342e-01   3.106706e-02
  5.024840e+00   6.667062e-02   3.175302e-02
  5.029986e+00   6.390557e-02   3.179438e-02
  5.035133e+00   1.218530e-01   3.267159e-02
  5.040279e+00   6.631469e-02   3.259083e-02
  5.045426e+00   5.082594e-02   3.288798e-02
  5.050573e+00   9.169476e-02   3.319026e-02
  5.055719e+00   7.010094e-02   3.365316e-02
  5.060866e+00   5.347360e-02   3.411238e-02
  5.066012e+00   8.510121e-02   3.439853e-02
  5.071159e+00   9.588880e-02   3.490871e-02
  5.076305e+00   8.137732e-02   3.523788e-02
  5.081452e+00   7.090089e-02   3.594900e-02
  5.086599e+00   6.367017e-02   3.607899e-02
  5.091745e+00   7.002248e-02   3.722940e-02
  5.096892e+00   7.359504e-02   3.854694e-02
  5.102038e+00   4.909780e-02   3.951420e-02
  5.107185e+00   4.157897e-02   4.077889e-02
  5.112331e+00   3.511659e-02   4.175124e-02
  5.117478e+00   8.229545e-02   4.229514e-02
  5.122625e+00  -1.339978e-02   4.324508e-02
  5.127771e+00   5.303520e-03   4.419708e-02
  5.132918e+00   3.682499e-02   4.578296e-02
  5.138064e+00   1.275379e-01   4.506200e-02
  5.143211e+00   8.944243e-02   4.521190e-02
  5.148357e+00   9.579122e-02   4.570000e-02
  5.153504e+00   1.178990e-01   4.589927e-02
  5.158651e+00   7.325805e-02   4.682546e-02
  5.163797e+00   1.265468e-01   5.408506e-02
  5.168944e+00   1.641342e-01   6.893508e-02
  5.174090e+00  -1.738256e-02   7.770900e-02
  5.179237e+00   3.486456e-02   1.374555e-01
range-from: 28
range-to: 1000
