Sample description: 
Sample:   c= 0 mg/ml  Code: 
  1.767703e-01   5.861294e+00   6.199284e-02
  1.819169e-01   5.897423e+00   6.026389e-02
  1.870635e-01   5.828332e+00   5.889146e-02
  1.922101e-01   5.753468e+00   5.655099e-02
  1.973566e-01   5.781048e+00   5.520835e-02
  2.025032e-01   5.772014e+00   5.379104e-02
  2.076498e-01   5.770463e+00   5.286606e-02
  2.127963e-01   5.716326e+00   5.170481e-02
  2.179429e-01   5.693473e+00   4.978286e-02
  2.230895e-01   5.734711e+00   4.883647e-02
  2.282360e-01   5.581604e+00   4.795859e-02
  2.333826e-01   5.564936e+00   4.692716e-02
  2.385292e-01   5.565213e+00   4.627032e-02
  2.436758e-01   5.638482e+00   4.519428e-02
  2.488223e-01   5.498234e+00   4.433806e-02
  2.539689e-01   5.455716e+00   4.338703e-02
  2.591155e-01   5.518849e+00   4.301345e-02
  2.642620e-01   5.420203e+00   4.191391e-02
  2.694086e-01   5.523597e+00   4.130798e-02
  2.745552e-01   5.388402e+00   4.058970e-02
  2.797018e-01   5.427879e+00   4.011908e-02
  2.848483e-01   5.426522e+00   3.955318e-02
  2.899949e-01   5.370633e+00   3.942913e-02
  2.951415e-01   5.297732e+00   3.987446e-02
  3.002880e-01   5.367314e+00   3.991765e-02
  3.054346e-01   5.252479e+00   3.980140e-02
  3.105812e-01   5.294392e+00   3.971508e-02
  3.157277e-01   5.175242e+00   3.935936e-02
  3.208743e-01   5.225173e+00   3.889077e-02
  3.260209e-01   5.174701e+00   3.910875e-02
  3.311675e-01   5.127950e+00   3.878947e-02
  3.363140e-01   5.042878e+00   3.879910e-02
  3.414606e-01   5.116259e+00   3.855312e-02
  3.466072e-01   4.977362e+00   3.810374e-02
  3.517537e-01   5.043205e+00   3.791268e-02
  3.569003e-01   4.961543e+00   3.698189e-02
  3.620469e-01   4.946680e+00   3.589191e-02
  3.671934e-01   4.933391e+00   3.524409e-02
  3.723400e-01   4.886980e+00   3.513043e-02
  3.774866e-01   4.821904e+00   3.442218e-02
  3.826332e-01   4.807988e+00   3.390071e-02
  3.877797e-01   4.743646e+00   3.370443e-02
  3.929263e-01   4.802375e+00   3.318968e-02
  3.980729e-01   4.673606e+00   3.272487e-02
  4.032194e-01   4.749453e+00   3.251384e-02
  4.083660e-01   4.652867e+00   3.176156e-02
  4.135126e-01   4.648464e+00   3.163099e-02
  4.186592e-01   4.624175e+00   3.151081e-02
  4.238057e-01   4.580652e+00   3.093844e-02
  4.289523e-01   4.565778e+00   3.066912e-02
  4.340989e-01   4.556588e+00   3.052788e-02
  4.392454e-01   4.485621e+00   3.026281e-02
  4.443920e-01   4.415271e+00   2.987780e-02
  4.495386e-01   4.414735e+00   2.965239e-02
  4.546851e-01   4.417496e+00   2.929232e-02
  4.598317e-01   4.393469e+00   2.911740e-02
  4.649783e-01   4.290988e+00   2.910082e-02
  4.701249e-01   4.308369e+00   2.940647e-02
  4.752714e-01   4.260087e+00   2.936437e-02
  4.804180e-01   4.238129e+00   2.965294e-02
  4.855646e-01   4.232861e+00   2.940994e-02
  4.907111e-01   4.197787e+00   2.956334e-02
  4.958577e-01   4.177827e+00   2.949818e-02
  5.010043e-01   4.142433e+00   2.946576e-02
  5.061509e-01   4.016584e+00   2.938987e-02
  5.112974e-01   4.074964e+00   2.973059e-02
  5.164440e-01   4.011247e+00   2.923339e-02
  5.215906e-01   3.977636e+00   2.918865e-02
  5.267371e-01   3.946530e+00   2.912179e-02
  5.318837e-01   3.891452e+00   2.901179e-02
  5.370303e-01   3.893364e+00   2.803937e-02
  5.421768e-01   3.868952e+00   2.785091e-02
  5.473234e-01   3.841071e+00   2.757441e-02
  5.524700e-01   3.791632e+00   2.702064e-02
  5.576166e-01   3.764977e+00   2.697860e-02
  5.627631e-01   3.740195e+00   2.670209e-02
  5.679097e-01   3.698548e+00   2.628687e-02
  5.730563e-01   3.714749e+00   2.619990e-02
  5.782028e-01   3.637915e+00   2.597965e-02
  5.833494e-01   3.586032e+00   2.556231e-02
  5.884960e-01   3.571286e+00   2.556154e-02
  5.936426e-01   3.521617e+00   2.555636e-02
  5.987891e-01   3.528004e+00   2.504135e-02
  6.039357e-01   3.517368e+00   2.506851e-02
  6.090823e-01   3.478520e+00   2.489245e-02
  6.142288e-01   3.447544e+00   2.457403e-02
  6.193754e-01   3.358446e+00   2.439316e-02
  6.245220e-01   3.372093e+00   2.432998e-02
  6.296685e-01   3.376455e+00   2.409664e-02
  6.348151e-01   3.318529e+00   2.408110e-02
  6.399617e-01   3.307179e+00   2.399606e-02
  6.451083e-01   3.258997e+00   2.364664e-02
  6.502548e-01   3.220857e+00   2.350550e-02
  6.554014e-01   3.195327e+00   2.343558e-02
  6.605480e-01   3.185708e+00   2.339667e-02
  6.656945e-01   3.109213e+00   2.365892e-02
  6.708411e-01   3.106124e+00   2.390270e-02
  6.759877e-01   3.087530e+00   2.377588e-02
  6.811343e-01   3.092323e+00   2.377682e-02
  6.862808e-01   3.004776e+00   2.376162e-02
  6.914274e-01   3.009409e+00   2.318998e-02
  6.965740e-01   2.978339e+00   2.289185e-02
  7.017205e-01   2.948102e+00   2.286603e-02
  7.068671e-01   2.895764e+00   2.250202e-02
  7.120137e-01   2.908902e+00   2.236275e-02
  7.171602e-01   2.842367e+00   2.233047e-02
  7.223068e-01   2.825747e+00   2.204172e-02
  7.274534e-01   2.762182e+00   2.182967e-02
  7.326000e-01   2.788918e+00   2.186048e-02
  7.377465e-01   2.712910e+00   2.146044e-02
  7.428931e-01   2.708206e+00   2.135591e-02
  7.480397e-01   2.698995e+00   2.133958e-02
  7.531862e-01   2.673107e+00   2.110479e-02
  7.583328e-01   2.610983e+00   2.107531e-02
  7.634794e-01   2.588650e+00   2.112008e-02
  7.686259e-01   2.590710e+00   2.093120e-02
  7.737725e-01   2.563054e+00   2.072197e-02
  7.789191e-01   2.486711e+00   2.077833e-02
  7.840657e-01   2.487150e+00   2.050417e-02
  7.892122e-01   2.458061e+00   2.040949e-02
  7.943588e-01   2.422624e+00   2.044188e-02
  7.995054e-01   2.429380e+00   2.025413e-02
  8.046519e-01   2.390947e+00   2.019864e-02
  8.097985e-01   2.370205e+00   2.015573e-02
  8.149451e-01   2.359263e+00   1.985026e-02
  8.200917e-01   2.306769e+00   1.982882e-02
  8.252382e-01   2.293358e+00   1.977961e-02
  8.303848e-01   2.269441e+00   1.953269e-02
  8.355314e-01   2.229117e+00   1.942571e-02
  8.406779e-01   2.200184e+00   1.939404e-02
  8.458245e-01   2.166255e+00   1.927070e-02
  8.509711e-01   2.203132e+00   1.923882e-02
  8.561176e-01   2.137794e+00   1.916836e-02
  8.612642e-01   2.109095e+00   1.907717e-02
  8.664108e-01   2.093179e+00   1.897373e-02
  8.715574e-01   2.050334e+00   1.896157e-02
  8.767039e-01   2.030562e+00   1.879189e-02
  8.818505e-01   2.037552e+00   1.873965e-02
  8.869971e-01   2.000994e+00   1.863807e-02
  8.921436e-01   1.961331e+00   1.870359e-02
  8.972902e-01   1.949900e+00   1.843389e-02
  9.024368e-01   1.947615e+00   1.853017e-02
  9.075834e-01   1.911975e+00   1.840756e-02
  9.127299e-01   1.883645e+00   1.821917e-02
  9.178765e-01   1.898886e+00   1.830576e-02
  9.230231e-01   1.858172e+00   1.859994e-02
  9.281696e-01   1.825385e+00   1.835372e-02
  9.333162e-01   1.832248e+00   1.852657e-02
  9.384628e-01   1.811312e+00   1.852350e-02
  9.436093e-01   1.746734e+00   1.830669e-02
  9.487559e-01   1.724929e+00   1.843044e-02
  9.539025e-01   1.725031e+00   1.848801e-02
  9.590491e-01   1.726913e+00   1.830325e-02
  9.641956e-01   1.675530e+00   1.835745e-02
  9.693422e-01   1.646381e+00   1.837000e-02
  9.744888e-01   1.653265e+00   1.822821e-02
  9.796353e-01   1.596463e+00   1.823381e-02
  9.847819e-01   1.605347e+00   1.826579e-02
  9.899285e-01   1.603618e+00   1.815145e-02
  9.950751e-01   1.567430e+00   1.823669e-02
  1.000222e+00   1.563495e+00   1.818920e-02
  1.005368e+00   1.551432e+00   1.815423e-02
  1.010515e+00   1.492467e+00   1.830681e-02
  1.015661e+00   1.495827e+00   1.847465e-02
  1.020808e+00   1.488067e+00   1.843131e-02
  1.025954e+00   1.444957e+00   1.844393e-02
  1.031101e+00   1.444660e+00   1.845185e-02
  1.036248e+00   1.399778e+00   1.844290e-02
  1.041394e+00   1.433865e+00   1.849913e-02
  1.046541e+00   1.389013e+00   1.846970e-02
  1.051687e+00   1.392347e+00   1.834496e-02
  1.056834e+00   1.360081e+00   1.838565e-02
  1.061980e+00   1.315663e+00   1.832359e-02
  1.067127e+00   1.326167e+00   1.827873e-02
  1.072274e+00   1.257177e+00   1.812450e-02
  1.077420e+00   1.279938e+00   1.825530e-02
  1.082567e+00   1.253918e+00   1.811796e-02
  1.087713e+00   1.259666e+00   1.808741e-02
  1.092860e+00   1.253987e+00   1.810038e-02
  1.098006e+00   1.218052e+00   1.801584e-02
  1.103153e+00   1.207296e+00   1.800976e-02
  1.108300e+00   1.212159e+00   1.802283e-02
  1.113446e+00   1.180599e+00   1.816807e-02
  1.118593e+00   1.167960e+00   1.815966e-02
  1.123739e+00   1.154099e+00   1.829670e-02
  1.128886e+00   1.139106e+00   1.824175e-02
  1.134032e+00   1.104709e+00   1.815430e-02
  1.139179e+00   1.106559e+00   1.822630e-02
  1.144326e+00   1.058035e+00   1.809244e-02
  1.149472e+00   1.031703e+00   1.822330e-02
  1.154619e+00   1.049936e+00   1.810357e-02
  1.159765e+00   1.057941e+00   1.814639e-02
  1.164912e+00   9.961725e-01   1.801783e-02
  1.170058e+00   1.008961e+00   1.806059e-02
  1.175205e+00   9.940635e-01   1.792333e-02
  1.180352e+00   9.865397e-01   1.774350e-02
  1.185498e+00   9.369284e-01   1.768424e-02
  1.190645e+00   9.772038e-01   1.765122e-02
  1.195791e+00   9.216502e-01   1.748673e-02
  1.200938e+00   9.190586e-01   1.744760e-02
  1.206084e+00   8.934280e-01   1.731073e-02
  1.211231e+00   8.669605e-01   1.720200e-02
  1.216378e+00   8.916955e-01   1.723644e-02
  1.221524e+00   8.648083e-01   1.710811e-02
  1.226671e+00   8.681741e-01   1.720543e-02
  1.231817e+00   8.550155e-01   1.760231e-02
  1.236964e+00   8.383828e-01   1.747706e-02
  1.242110e+00   8.665886e-01   1.745931e-02
  1.247257e+00   8.343790e-01   1.756724e-02
  1.252404e+00   8.239852e-01   1.748683e-02
  1.257550e+00   7.979996e-01   1.753841e-02
  1.262697e+00   7.599939e-01   1.747288e-02
  1.267843e+00   7.950295e-01   1.748039e-02
  1.272990e+00   7.652558e-01   1.744629e-02
  1.278136e+00   7.433515e-01   1.764272e-02
  1.283283e+00   7.298281e-01   1.736359e-02
  1.288430e+00   7.415696e-01   1.755366e-02
  1.293576e+00   7.162050e-01   1.786277e-02
  1.298723e+00   7.230455e-01   1.790018e-02
  1.303869e+00   6.783859e-01   1.803880e-02
  1.309016e+00   6.973795e-01   1.822256e-02
  1.314162e+00   6.869776e-01   1.818505e-02
  1.319309e+00   6.508312e-01   1.837541e-02
  1.324456e+00   6.640341e-01   1.837868e-02
  1.329602e+00   7.084566e-01   1.832019e-02
  1.334749e+00   6.349102e-01   1.846400e-02
  1.339895e+00   6.158742e-01   1.842578e-02
  1.345042e+00   6.050812e-01   1.843152e-02
  1.350188e+00   6.082434e-01   1.851151e-02
  1.355335e+00   6.294053e-01   1.848148e-02
  1.360482e+00   5.719856e-01   1.816957e-02
  1.365628e+00   6.205358e-01   1.797031e-02
  1.370775e+00   5.743258e-01   1.798421e-02
  1.375921e+00   5.722073e-01   1.783130e-02
  1.381068e+00   5.553244e-01   1.769360e-02
  1.386214e+00   5.733248e-01   1.785459e-02
  1.391361e+00   5.404212e-01   1.753542e-02
  1.396508e+00   5.413818e-01   1.758588e-02
  1.401654e+00   5.376991e-01   1.759119e-02
  1.406801e+00   5.095016e-01   1.766222e-02
  1.411947e+00   4.964110e-01   1.737665e-02
  1.417094e+00   4.891380e-01   1.750767e-02
  1.422240e+00   4.972572e-01   1.736104e-02
  1.427387e+00   4.936495e-01   1.731260e-02
  1.432534e+00   4.673180e-01   1.737395e-02
  1.437680e+00   4.773071e-01   1.728306e-02
  1.442827e+00   4.766569e-01   1.715834e-02
  1.447973e+00   4.782881e-01   1.736836e-02
  1.453120e+00   4.102320e-01   1.718034e-02
  1.458266e+00   4.112471e-01   1.703233e-02
  1.463413e+00   4.009617e-01   1.711121e-02
  1.468560e+00   4.323312e-01   1.698965e-02
  1.473706e+00   4.187316e-01   1.695206e-02
  1.478853e+00   4.288950e-01   1.706746e-02
  1.483999e+00   4.330531e-01   1.699179e-02
  1.489146e+00   3.700309e-01   1.689902e-02
  1.494292e+00   4.265636e-01   1.695226e-02
  1.499439e+00   3.835756e-01   1.686530e-02
  1.504586e+00   3.684227e-01   1.678882e-02
  1.509732e+00   3.870359e-01   1.690216e-02
  1.514879e+00   3.563551e-01   1.679437e-02
  1.520025e+00   3.513648e-01   1.672228e-02
  1.525172e+00   3.609638e-01   1.689811e-02
  1.530318e+00   3.591607e-01   1.672250e-02
  1.535465e+00   3.717095e-01   1.679710e-02
  1.540612e+00   3.662088e-01   1.674518e-02
  1.545758e+00   3.348210e-01   1.669548e-02
  1.550905e+00   3.831540e-01   1.671248e-02
  1.556051e+00   3.197282e-01   1.663792e-02
  1.561198e+00   3.025098e-01   1.659841e-02
  1.566344e+00   3.291849e-01   1.658575e-02
  1.571491e+00   3.203059e-01   1.660363e-02
  1.576638e+00   3.226733e-01   1.664475e-02
  1.581784e+00   3.092031e-01   1.647990e-02
  1.586931e+00   2.852610e-01   1.649747e-02
  1.592077e+00   3.089375e-01   1.654403e-02
  1.597224e+00   2.722442e-01   1.643641e-02
  1.602370e+00   2.796964e-01   1.643448e-02
  1.607517e+00   2.787694e-01   1.651503e-02
  1.612664e+00   2.750627e-01   1.637060e-02
  1.617810e+00   2.668923e-01   1.642860e-02
  1.622957e+00   2.589762e-01   1.634994e-02
  1.628103e+00   2.720843e-01   1.627507e-02
  1.633250e+00   2.564686e-01   1.635526e-02
  1.638396e+00   2.574994e-01   1.633537e-02
  1.643543e+00   2.576240e-01   1.622480e-02
  1.648690e+00   2.433708e-01   1.623461e-02
  1.653836e+00   2.654000e-01   1.631753e-02
  1.658983e+00   2.513490e-01   1.617099e-02
  1.664129e+00   2.287404e-01   1.631651e-02
  1.669276e+00   2.391691e-01   1.624769e-02
  1.674422e+00   2.196919e-01   1.611867e-02
  1.679569e+00   2.246518e-01   1.618113e-02
  1.684716e+00   2.132391e-01   1.621012e-02
  1.689862e+00   2.066096e-01   1.605078e-02
  1.695009e+00   1.774522e-01   1.609358e-02
  1.700155e+00   2.012632e-01   1.616040e-02
  1.705302e+00   2.548421e-01   1.607544e-02
  1.710448e+00   2.104751e-01   1.614030e-02
  1.715595e+00   1.835262e-01   1.606294e-02
  1.720741e+00   1.987161e-01   1.596093e-02
  1.725888e+00   2.098275e-01   1.601508e-02
  1.731035e+00   2.020043e-01   1.599681e-02
  1.736181e+00   2.165596e-01   1.589332e-02
  1.741328e+00   1.654556e-01   1.589488e-02
  1.746474e+00   1.755501e-01   1.597814e-02
  1.751621e+00   1.506013e-01   1.587347e-02
  1.756767e+00   1.602444e-01   1.574313e-02
  1.761914e+00   1.631447e-01   1.584021e-02
  1.767061e+00   1.806944e-01   1.568967e-02
  1.772207e+00   1.523766e-01   1.567066e-02
  1.777354e+00   1.660582e-01   1.579801e-02
  1.782500e+00   1.551431e-01   1.570826e-02
  1.787647e+00   1.675038e-01   1.563803e-02
  1.792793e+00   1.484847e-01   1.580033e-02
  1.797940e+00   1.567413e-01   1.563672e-02
  1.803087e+00   1.567977e-01   1.564406e-02
  1.808233e+00   1.437371e-01   1.566358e-02
  1.813380e+00   1.319010e-01   1.561208e-02
  1.818526e+00   1.357037e-01   1.546546e-02
  1.823673e+00   1.455528e-01   1.566096e-02
  1.828819e+00   1.471598e-01   1.556209e-02
  1.833966e+00   1.632998e-01   1.557210e-02
  1.839113e+00   1.452231e-01   1.560103e-02
  1.844259e+00   1.261534e-01   1.553483e-02
  1.849406e+00   1.262155e-01   1.540615e-02
  1.854552e+00   1.446079e-01   1.561583e-02
  1.859699e+00   1.217388e-01   1.552376e-02
  1.864845e+00   1.280701e-01   1.550838e-02
  1.869992e+00   1.125770e-01   1.554567e-02
  1.875139e+00   9.865002e-02   1.548269e-02
  1.880285e+00   1.035248e-01   1.545259e-02
  1.885432e+00   9.378802e-02   1.554557e-02
  1.890578e+00   1.234525e-01   1.543160e-02
  1.895725e+00   1.268865e-01   1.539617e-02
  1.900871e+00   1.061769e-01   1.552689e-02
  1.906018e+00   1.345477e-01   1.545287e-02
  1.911165e+00   1.039338e-01   1.538734e-02
  1.916311e+00   1.301997e-01   1.548871e-02
  1.921458e+00   1.168057e-01   1.545059e-02
  1.926604e+00   8.641734e-02   1.540028e-02
  1.931751e+00   1.278571e-01   1.548190e-02
  1.936897e+00   1.219167e-01   1.540526e-02
  1.942044e+00   6.735819e-02   1.527886e-02
  1.947191e+00   9.799866e-02   1.544831e-02
  1.952337e+00   1.089728e-01   1.538199e-02
  1.957484e+00   8.924828e-02   1.529554e-02
  1.962630e+00   9.151954e-02   1.547867e-02
  1.967777e+00   8.433599e-02   1.540209e-02
  1.972923e+00   1.010808e-01   1.530955e-02
  1.978070e+00   1.024320e-01   1.536185e-02
  1.983217e+00   1.146570e-01   1.532370e-02
  1.988363e+00   8.292086e-02   1.527371e-02
  1.993510e+00   7.137854e-02   1.534530e-02
  1.998656e+00   6.696188e-02   1.533583e-02
  2.003803e+00   8.998484e-02   1.528503e-02
  2.008949e+00   7.809130e-02   1.536693e-02
  2.014096e+00   8.983977e-02   1.527405e-02
  2.019243e+00   8.612756e-02   1.524341e-02
  2.024389e+00   8.284078e-02   1.527045e-02
  2.029536e+00   1.131182e-01   1.525601e-02
  2.034682e+00   8.847825e-02   1.521497e-02
  2.039829e+00   1.204293e-01   1.530757e-02
  2.044975e+00   9.686706e-02   1.522435e-02
  2.050122e+00   8.015888e-02   1.522627e-02
  2.055269e+00   8.029119e-02   1.527972e-02
  2.060415e+00   8.147888e-02   1.524063e-02
  2.065562e+00   1.118522e-01   1.515224e-02
  2.070708e+00   5.636715e-02   1.521126e-02
  2.075855e+00   7.767255e-02   1.519876e-02
  2.081001e+00   6.933665e-02   1.514385e-02
  2.086148e+00   1.085325e-01   1.524368e-02
  2.091295e+00   9.186801e-02   1.519300e-02
  2.096441e+00   5.915835e-02   1.517530e-02
  2.101588e+00   9.078819e-02   1.513909e-02
  2.106734e+00   5.362582e-02   1.513627e-02
  2.111881e+00   8.923052e-02   1.542313e-02
  2.117027e+00   6.281359e-02   1.565300e-02
  2.122174e+00   6.447955e-02   1.568933e-02
  2.127321e+00   8.795852e-02   1.584556e-02
  2.132467e+00   5.939891e-02   1.601923e-02
  2.137614e+00   6.780163e-02   1.604955e-02
  2.142760e+00   4.967393e-02   1.611386e-02
  2.147907e+00   7.434483e-02   1.617462e-02
  2.153053e+00   6.546231e-02   1.626037e-02
  2.158200e+00   5.293292e-02   1.628875e-02
  2.163347e+00   8.757290e-02   1.647903e-02
  2.168493e+00   7.974727e-02   1.642422e-02
  2.173640e+00   8.232301e-02   1.639791e-02
  2.178786e+00   7.971786e-02   1.618957e-02
  2.183933e+00   8.743000e-02   1.610333e-02
  2.189079e+00   7.179962e-02   1.593216e-02
  2.194226e+00   9.054892e-02   1.576953e-02
  2.199373e+00   8.836011e-02   1.577265e-02
  2.204519e+00   6.424842e-02   1.568399e-02
  2.209666e+00   5.920095e-02   1.570255e-02
  2.214812e+00   5.148348e-02   1.565842e-02
  2.219959e+00   6.806666e-02   1.549897e-02
  2.225105e+00   7.441682e-02   1.559603e-02
  2.230252e+00   4.249322e-02   1.558996e-02
  2.235399e+00   7.749157e-02   1.543742e-02
  2.240545e+00   8.380698e-02   1.542183e-02
  2.245692e+00   6.520768e-02   1.546046e-02
  2.250838e+00   6.963072e-02   1.536235e-02
  2.255985e+00   8.203587e-02   1.540060e-02
  2.261131e+00   7.438404e-02   1.543101e-02
  2.266278e+00   7.765911e-02   1.532447e-02
  2.271425e+00   8.188206e-02   1.539755e-02
  2.276571e+00   6.164554e-02   1.537621e-02
  2.281718e+00   8.486920e-02   1.530785e-02
  2.286864e+00   1.124280e-01   1.535118e-02
  2.292011e+00   7.709152e-02   1.535755e-02
  2.297157e+00   9.032441e-02   1.519667e-02
  2.302304e+00   8.374359e-02   1.525925e-02
  2.307451e+00   8.264283e-02   1.534218e-02
  2.312597e+00   8.718882e-02   1.524274e-02
  2.317744e+00   7.607464e-02   1.518691e-02
  2.322890e+00   9.536126e-02   1.530811e-02
  2.328037e+00   9.489894e-02   1.515498e-02
  2.333183e+00   9.157271e-02   1.518819e-02
  2.338330e+00   7.729383e-02   1.524495e-02
  2.343477e+00   6.046402e-02   1.515826e-02
  2.348623e+00   7.670374e-02   1.508028e-02
  2.353770e+00   8.898811e-02   1.523282e-02
  2.358916e+00   9.470169e-02   1.514943e-02
  2.364063e+00   6.480821e-02   1.505354e-02
  2.369209e+00   8.843884e-02   1.513223e-02
  2.374356e+00   5.331856e-02   1.512612e-02
  2.379503e+00   7.936670e-02   1.501127e-02
  2.384649e+00   7.192483e-02   1.515046e-02
  2.389796e+00   5.603995e-02   1.500159e-02
  2.394942e+00   7.906771e-02   1.498983e-02
  2.400089e+00   7.250746e-02   1.512817e-02
  2.405235e+00   8.757569e-02   1.505728e-02
  2.410382e+00   1.108256e-01   1.497507e-02
  2.415529e+00   6.460740e-02   1.500991e-02
  2.420675e+00   1.132070e-01   1.499952e-02
  2.425822e+00   1.009850e-01   1.493365e-02
  2.430968e+00   7.548716e-02   1.503532e-02
  2.436115e+00   1.029161e-01   1.501184e-02
  2.441261e+00   8.460619e-02   1.486722e-02
  2.446408e+00   7.171075e-02   1.501032e-02
  2.451555e+00   7.499128e-02   1.488601e-02
  2.456701e+00   7.793736e-02   1.482759e-02
  2.461848e+00   8.718589e-02   1.492935e-02
  2.466994e+00   8.112112e-02   1.479143e-02
  2.472141e+00   4.894807e-02   1.474803e-02
  2.477287e+00   9.023252e-02   1.485771e-02
  2.482434e+00   9.484237e-02   1.479014e-02
  2.487581e+00   8.206542e-02   1.468609e-02
  2.492727e+00   5.186630e-02   1.482119e-02
  2.497874e+00   7.107806e-02   1.465418e-02
  2.503020e+00   7.809787e-02   1.463693e-02
  2.508167e+00   1.166698e-01   1.467618e-02
  2.513313e+00   8.953207e-02   1.470995e-02
  2.518460e+00   8.074622e-02   1.459342e-02
  2.523606e+00   9.425365e-02   1.476134e-02
  2.528753e+00   9.562466e-02   1.463751e-02
  2.533900e+00   7.797519e-02   1.462272e-02
  2.539046e+00   7.820990e-02   1.464337e-02
  2.544193e+00   6.893106e-02   1.462238e-02
  2.549339e+00   6.954531e-02   1.456892e-02
  2.554486e+00   6.948158e-02   1.468241e-02
  2.559632e+00   7.983694e-02   1.457682e-02
  2.564779e+00   9.315534e-02   1.453820e-02
  2.569926e+00   8.105325e-02   1.466419e-02
  2.575072e+00   8.437049e-02   1.494611e-02
  2.580219e+00   8.171699e-02   1.500081e-02
  2.585365e+00   9.217717e-02   1.521637e-02
  2.590512e+00   8.594956e-02   1.530990e-02
  2.595658e+00   1.012905e-01   1.526046e-02
  2.600805e+00   1.179456e-01   1.513377e-02
  2.605952e+00   7.704324e-02   1.494691e-02
  2.611098e+00   9.824961e-02   1.483280e-02
  2.616245e+00   1.006132e-01   1.495741e-02
  2.621391e+00   9.785554e-02   1.484912e-02
  2.626538e+00   6.401654e-02   1.471212e-02
  2.631684e+00   1.174981e-01   1.479596e-02
  2.636831e+00   7.398489e-02   1.469196e-02
  2.641978e+00   9.508472e-02   1.462703e-02
  2.647124e+00   8.774168e-02   1.480245e-02
  2.652271e+00   1.011532e-01   1.473439e-02
  2.657417e+00   7.433953e-02   1.464447e-02
  2.662564e+00   1.108055e-01   1.475852e-02
  2.667710e+00   7.919867e-02   1.473091e-02
  2.672857e+00   7.365889e-02   1.463411e-02
  2.678004e+00   6.903049e-02   1.464856e-02
  2.683150e+00   1.074977e-01   1.465356e-02
  2.688297e+00   5.987663e-02   1.455502e-02
  2.693443e+00   9.268968e-02   1.467576e-02
  2.698590e+00   1.062535e-01   1.466868e-02
  2.703736e+00   9.629500e-02   1.461102e-02
  2.708883e+00   1.182637e-01   1.466882e-02
  2.714030e+00   1.201853e-01   1.460471e-02
  2.719176e+00   6.797514e-02   1.448020e-02
  2.724323e+00   9.935835e-02   1.459886e-02
  2.729469e+00   8.696210e-02   1.450899e-02
  2.734616e+00   9.518127e-02   1.450115e-02
  2.739762e+00   8.804024e-02   1.452619e-02
  2.744909e+00   9.402864e-02   1.456358e-02
  2.750056e+00   1.045547e-01   1.444902e-02
  2.755202e+00   1.095405e-01   1.456081e-02
  2.760349e+00   6.199734e-02   1.443441e-02
  2.765495e+00   7.823711e-02   1.441689e-02
  2.770642e+00   1.127050e-01   1.450320e-02
  2.775788e+00   9.870954e-02   1.447831e-02
  2.780935e+00   8.007475e-02   1.437862e-02
  2.786082e+00   1.015821e-01   1.448896e-02
  2.791228e+00   9.058305e-02   1.443923e-02
  2.796375e+00   9.675013e-02   1.444771e-02
  2.801521e+00   7.930804e-02   1.443320e-02
  2.806668e+00   9.931414e-02   1.438271e-02
  2.811814e+00   1.108140e-01   1.434211e-02
  2.816961e+00   5.149789e-02   1.458507e-02
  2.822108e+00   9.495940e-02   1.468941e-02
  2.827254e+00   6.462067e-02   1.471449e-02
  2.832401e+00   6.981597e-02   1.479768e-02
  2.837547e+00   6.510252e-02   1.485108e-02
  2.842694e+00   9.096108e-02   1.481696e-02
  2.847840e+00   1.144868e-01   1.484949e-02
  2.852987e+00   8.054552e-02   1.482498e-02
  2.858134e+00   6.600001e-02   1.474095e-02
  2.863280e+00   9.162992e-02   1.483547e-02
  2.868427e+00   9.019979e-02   1.481580e-02
  2.873573e+00   6.628879e-02   1.473140e-02
  2.878720e+00   8.745928e-02   1.477888e-02
  2.883866e+00   6.833087e-02   1.475588e-02
  2.889013e+00   9.108221e-02   1.466456e-02
  2.894160e+00   8.813935e-02   1.470421e-02
  2.899306e+00   1.040532e-01   1.469961e-02
  2.904453e+00   1.059393e-01   1.460554e-02
  2.909599e+00   9.755594e-02   1.469715e-02
  2.914746e+00   9.125441e-02   1.474796e-02
  2.919892e+00   9.627869e-02   1.465973e-02
  2.925039e+00   6.357867e-02   1.472073e-02
  2.930186e+00   8.438427e-02   1.494608e-02
  2.935332e+00   8.643686e-02   1.513883e-02
  2.940479e+00   8.003574e-02   1.539581e-02
  2.945625e+00   1.328411e-01   1.553933e-02
  2.950772e+00   1.037623e-01   1.560422e-02
  2.955918e+00   5.941688e-02   1.570338e-02
  2.961065e+00   9.757636e-02   1.579028e-02
  2.966212e+00   8.192614e-02   1.587190e-02
  2.971358e+00   1.299382e-01   1.605312e-02
  2.976505e+00   7.808570e-02   1.608405e-02
  2.981651e+00   9.861035e-02   1.609693e-02
  2.986798e+00   9.861438e-02   1.632324e-02
  2.991944e+00   7.852317e-02   1.629932e-02
  2.997091e+00   8.855232e-02   1.594558e-02
  3.002238e+00   9.687957e-02   1.586172e-02
  3.007384e+00   9.341213e-02   1.572809e-02
  3.012531e+00   9.405938e-02   1.561064e-02
  3.017677e+00   5.694065e-02   1.554678e-02
  3.022824e+00   1.052925e-01   1.557054e-02
  3.027970e+00   5.316187e-02   1.542762e-02
  3.033117e+00   6.803295e-02   1.547971e-02
  3.038264e+00   1.139593e-01   1.555904e-02
  3.043410e+00   8.399681e-02   1.537395e-02
  3.048557e+00   9.122016e-02   1.547135e-02
  3.053703e+00   6.630645e-02   1.546157e-02
  3.058850e+00   8.730412e-02   1.547789e-02
  3.063996e+00   5.703101e-02   1.548223e-02
  3.069143e+00   7.277482e-02   1.548546e-02
  3.074290e+00   8.698989e-02   1.539039e-02
  3.079436e+00   8.796352e-02   1.546378e-02
  3.084583e+00   8.090044e-02   1.547717e-02
  3.089729e+00   9.642274e-02   1.535514e-02
  3.094876e+00   1.069354e-01   1.540344e-02
  3.100022e+00   8.153447e-02   1.540113e-02
  3.105169e+00   9.053232e-02   1.533909e-02
  3.110316e+00   5.374303e-02   1.538065e-02
  3.115462e+00   8.586696e-02   1.531737e-02
  3.120609e+00   8.950635e-02   1.519496e-02
  3.125755e+00   6.073041e-02   1.520584e-02
  3.130902e+00   7.586575e-02   1.528957e-02
  3.136048e+00   7.535284e-02   1.507289e-02
  3.141195e+00   6.854084e-02   1.519298e-02
  3.146342e+00   9.147167e-02   1.512066e-02
  3.151488e+00   8.492039e-02   1.502742e-02
  3.156635e+00   8.943088e-02   1.508023e-02
  3.161781e+00   6.244945e-02   1.513591e-02
  3.166928e+00   7.630049e-02   1.498712e-02
  3.172074e+00   7.699010e-02   1.504924e-02
  3.177221e+00   9.609775e-02   1.511187e-02
  3.182368e+00   8.893527e-02   1.499223e-02
  3.187514e+00   6.689837e-02   1.501073e-02
  3.192661e+00   4.647842e-02   1.509223e-02
  3.197807e+00   8.870925e-02   1.491173e-02
  3.202954e+00   8.962890e-02   1.502007e-02
  3.208100e+00   8.604906e-02   1.504438e-02
  3.213247e+00   8.023130e-02   1.490959e-02
  3.218394e+00   7.941555e-02   1.501223e-02
  3.223540e+00   8.625472e-02   1.505207e-02
  3.228687e+00   7.621471e-02   1.488964e-02
  3.233833e+00   9.397964e-02   1.495371e-02
  3.238980e+00   8.633871e-02   1.511385e-02
  3.244126e+00   1.177404e-01   1.492671e-02
  3.249273e+00   8.288648e-02   1.486582e-02
  3.254420e+00   7.507584e-02   1.502519e-02
  3.259566e+00   9.300172e-02   1.485474e-02
  3.264713e+00   9.230416e-02   1.492490e-02
  3.269859e+00   9.498097e-02   1.501663e-02
  3.275006e+00   9.385291e-02   1.484443e-02
  3.280152e+00   7.894824e-02   1.489898e-02
  3.285299e+00   8.185345e-02   1.504986e-02
  3.290446e+00   6.810973e-02   1.482887e-02
  3.295592e+00   6.973651e-02   1.490875e-02
  3.300739e+00   5.491957e-02   1.495990e-02
  3.305885e+00   9.000226e-02   1.480866e-02
  3.311032e+00   8.549323e-02   1.488809e-02
  3.316178e+00   7.013139e-02   1.496209e-02
  3.321325e+00   6.998920e-02   1.479592e-02
  3.326471e+00   5.909711e-02   1.486344e-02
  3.331618e+00   7.778921e-02   1.491530e-02
  3.336765e+00   9.722921e-02   1.476129e-02
  3.341911e+00   9.524497e-02   1.480044e-02
  3.347058e+00   8.278184e-02   1.485516e-02
  3.352204e+00   6.858107e-02   1.474708e-02
  3.357351e+00   8.614748e-02   1.477512e-02
  3.362497e+00   6.911805e-02   1.487774e-02
  3.367644e+00   8.057114e-02   1.470111e-02
  3.372791e+00   5.675918e-02   1.481542e-02
  3.377937e+00   1.132315e-01   1.486019e-02
  3.383084e+00   7.714734e-02   1.475790e-02
  3.388230e+00   5.614849e-02   1.474970e-02
  3.393377e+00   6.854122e-02   1.483483e-02
  3.398523e+00   8.670598e-02   1.473562e-02
  3.403670e+00   8.405837e-02   1.475600e-02
  3.408817e+00   8.351553e-02   1.488549e-02
  3.413963e+00   7.256355e-02   1.476507e-02
  3.419110e+00   8.354733e-02   1.477585e-02
  3.424256e+00   7.801501e-02   1.484636e-02
  3.429403e+00   5.436354e-02   1.462896e-02
  3.434549e+00   6.099039e-02   1.476584e-02
  3.439696e+00   6.814454e-02   1.478845e-02
  3.444843e+00   6.856819e-02   1.469503e-02
  3.449989e+00   6.755268e-02   1.470341e-02
  3.455136e+00   9.454536e-02   1.481630e-02
  3.460282e+00   5.248971e-02   1.467582e-02
  3.465429e+00   7.550853e-02   1.471927e-02
  3.470575e+00   7.358720e-02   1.476315e-02
  3.475722e+00   7.275829e-02   1.467694e-02
  3.480869e+00   8.330544e-02   1.465346e-02
  3.486015e+00   7.425878e-02   1.482140e-02
  3.491162e+00   7.637612e-02   1.462820e-02
  3.496308e+00   8.394753e-02   1.469605e-02
  3.501455e+00   8.597773e-02   1.477718e-02
  3.506601e+00   6.236350e-02   1.470725e-02
  3.511748e+00   8.389755e-02   1.464281e-02
  3.516895e+00   5.449208e-02   1.475076e-02
  3.522041e+00   7.190205e-02   1.465077e-02
  3.527188e+00   7.909986e-02   1.465884e-02
  3.532334e+00   6.340292e-02   1.472256e-02
  3.537481e+00   4.697528e-02   1.467792e-02
  3.542627e+00   9.830609e-02   1.466406e-02
  3.547774e+00   5.149991e-02   1.475546e-02
  3.552921e+00   7.311600e-02   1.467804e-02
  3.558067e+00   8.921953e-02   1.468222e-02
  3.563214e+00   7.201036e-02   1.473987e-02
  3.568360e+00   6.713296e-02   1.466980e-02
  3.573507e+00   5.759758e-02   1.463062e-02
  3.578653e+00   7.131720e-02   1.476514e-02
  3.583800e+00   8.585640e-02   1.467043e-02
  3.588947e+00   6.064416e-02   1.469887e-02
  3.594093e+00   8.853992e-02   1.476338e-02
  3.599240e+00   5.051733e-02   1.470523e-02
  3.604386e+00   6.186184e-02   1.459053e-02
  3.609533e+00   6.113441e-02   1.479168e-02
  3.614679e+00   7.629844e-02   1.463046e-02
  3.619826e+00   6.400173e-02   1.472744e-02
  3.624973e+00   7.114218e-02   1.473684e-02
  3.630119e+00   6.456257e-02   1.468535e-02
  3.635266e+00   4.314000e-02   1.465783e-02
  3.640412e+00   6.385597e-02   1.482084e-02
  3.645559e+00   5.392476e-02   1.466037e-02
  3.650705e+00   6.341791e-02   1.465372e-02
  3.655852e+00   6.389514e-02   1.470638e-02
  3.660999e+00   4.547716e-02   1.463408e-02
  3.666145e+00   4.755190e-02   1.463779e-02
  3.671292e+00   7.260918e-02   1.481612e-02
  3.676438e+00   6.960734e-02   1.461395e-02
  3.681585e+00   6.661233e-02   1.466486e-02
  3.686731e+00   5.317040e-02   1.474946e-02
  3.691878e+00   4.913270e-02   1.468584e-02
  3.697025e+00   5.856226e-02   1.460145e-02
  3.702171e+00   5.359246e-02   1.476492e-02
  3.707318e+00   7.013409e-02   1.464520e-02
  3.712464e+00   7.408768e-02   1.465439e-02
  3.717611e+00   7.183041e-02   1.475484e-02
  3.722757e+00   5.809074e-02   1.464408e-02
  3.727904e+00   4.892039e-02   1.464849e-02
  3.733051e+00   4.648459e-02   1.481904e-02
  3.738197e+00   6.165492e-02   1.459462e-02
  3.743344e+00   6.327025e-02   1.469623e-02
  3.748490e+00   4.344451e-02   1.500718e-02
  3.753637e+00   5.234972e-02   1.517390e-02
  3.758783e+00   8.649740e-02   1.539693e-02
  3.763930e+00   7.898007e-02   1.558311e-02
  3.769077e+00   7.110426e-02   1.561800e-02
  3.774223e+00   5.299319e-02   1.582194e-02
  3.779370e+00   6.674669e-02   1.586619e-02
  3.784516e+00   8.633869e-02   1.578289e-02
  3.789663e+00   7.868662e-02   1.585860e-02
  3.794809e+00   6.287530e-02   1.602357e-02
  3.799956e+00   4.912800e-02   1.587173e-02
  3.805103e+00   4.840609e-02   1.602364e-02
  3.810249e+00   7.454852e-02   1.606477e-02
  3.815396e+00   3.388782e-02   1.553503e-02
  3.820542e+00   6.673523e-02   1.540626e-02
  3.825689e+00   7.812475e-02   1.543635e-02
  3.830835e+00   6.686209e-02   1.517079e-02
  3.835982e+00   5.369145e-02   1.519565e-02
  3.841129e+00   7.248881e-02   1.529049e-02
  3.846275e+00   4.148502e-02   1.517071e-02
  3.851422e+00   5.260787e-02   1.516722e-02
  3.856568e+00   5.680981e-02   1.532616e-02
  3.861715e+00   6.751038e-02   1.504626e-02
  3.866861e+00   7.682623e-02   1.523291e-02
  3.872008e+00   6.331675e-02   1.528629e-02
  3.877155e+00   7.128538e-02   1.516125e-02
  3.882301e+00   5.600669e-02   1.520354e-02
  3.887448e+00   7.814740e-02   1.527875e-02
  3.892594e+00   7.204881e-02   1.514519e-02
  3.897741e+00   3.167298e-02   1.519370e-02
  3.902887e+00   4.138440e-02   1.527489e-02
  3.908034e+00   6.367804e-02   1.511625e-02
  3.913181e+00   6.078427e-02   1.520781e-02
  3.918327e+00   6.690037e-02   1.528728e-02
  3.923474e+00   6.617994e-02   1.512674e-02
  3.928620e+00   1.045855e-01   1.524053e-02
  3.933767e+00   7.337371e-02   1.525961e-02
  3.938913e+00   4.712015e-02   1.513966e-02
  3.944060e+00   6.710082e-02   1.520655e-02
  3.949207e+00   5.890965e-02   1.533860e-02
  3.954353e+00   6.951041e-02   1.518109e-02
  3.959500e+00   6.108524e-02   1.536056e-02
  3.964646e+00   7.540629e-02   1.535694e-02
  3.969793e+00   3.482482e-02   1.520693e-02
  3.974939e+00   4.755128e-02   1.527631e-02
  3.980086e+00   6.600468e-02   1.537907e-02
  3.985233e+00   6.495266e-02   1.528812e-02
  3.990379e+00   5.470947e-02   1.536171e-02
  3.995526e+00   5.079754e-02   1.538842e-02
  4.000672e+00   8.676362e-02   1.535575e-02
  4.005819e+00   5.313144e-02   1.545746e-02
  4.010965e+00   5.285513e-02   1.539804e-02
  4.016112e+00   6.499318e-02   1.535241e-02
  4.021259e+00   7.541939e-02   1.543509e-02
  4.026405e+00   5.241767e-02   1.539386e-02
  4.031552e+00   5.877467e-02   1.543243e-02
  4.036698e+00   6.800253e-02   1.544675e-02
  4.041845e+00   6.956296e-02   1.544501e-02
  4.046991e+00   6.047292e-02   1.541889e-02
  4.052138e+00   6.857580e-02   1.556808e-02
  4.057285e+00   6.570222e-02   1.546937e-02
  4.062431e+00   7.224717e-02   1.544114e-02
  4.067578e+00   3.592894e-02   1.551153e-02
  4.072724e+00   5.602129e-02   1.556661e-02
  4.077871e+00   6.498846e-02   1.545295e-02
  4.083017e+00   6.838313e-02   1.560934e-02
  4.088164e+00   5.593734e-02   1.553402e-02
  4.093311e+00   7.750834e-02   1.554903e-02
  4.098457e+00   3.609362e-02   1.561344e-02
  4.103604e+00   7.272059e-02   1.557205e-02
  4.108750e+00   6.366738e-02   1.554353e-02
  4.113897e+00   8.273845e-02   1.567748e-02
  4.119043e+00   6.868699e-02   1.562222e-02
  4.124190e+00   5.435055e-02   1.556924e-02
  4.129336e+00   6.716377e-02   1.566432e-02
  4.134483e+00   9.111359e-02   1.563367e-02
  4.139630e+00   6.646119e-02   1.564471e-02
  4.144776e+00   5.864707e-02   1.567572e-02
  4.149923e+00   3.519812e-02   1.563796e-02
  4.155069e+00   7.136733e-02   1.561938e-02
  4.160216e+00   8.561991e-02   1.575156e-02
  4.165362e+00   8.141289e-02   1.573182e-02
  4.170509e+00   2.650966e-02   1.564911e-02
  4.175656e+00   3.871551e-02   1.574857e-02
  4.180802e+00   7.487691e-02   1.574491e-02
  4.185949e+00   3.691822e-02   1.582357e-02
  4.191095e+00   8.460064e-02   1.594646e-02
  4.196242e+00   4.184003e-02   1.592742e-02
  4.201388e+00   6.671121e-02   1.601953e-02
  4.206535e+00   7.128964e-02   1.612213e-02
  4.211682e+00   5.067591e-02   1.612897e-02
  4.216828e+00   4.716327e-02   1.619686e-02
  4.221975e+00   5.159290e-02   1.623464e-02
  4.227121e+00   7.142674e-02   1.628219e-02
  4.232268e+00   4.733777e-02   1.630302e-02
  4.237414e+00   6.592731e-02   1.637228e-02
  4.242561e+00   6.238422e-02   1.646117e-02
  4.247708e+00   4.419442e-02   1.643755e-02
  4.252854e+00   7.731992e-02   1.654123e-02
  4.258001e+00   8.080107e-02   1.649006e-02
  4.263147e+00   5.841435e-02   1.659771e-02
  4.268294e+00   5.495105e-02   1.658991e-02
  4.273440e+00   6.546117e-02   1.673708e-02
  4.278587e+00   8.154580e-02   1.673315e-02
  4.283734e+00   5.526537e-02   1.677893e-02
  4.288880e+00   8.072522e-02   1.677984e-02
  4.294027e+00   6.849686e-02   1.678498e-02
  4.299173e+00   6.754846e-02   1.687741e-02
  4.304320e+00   7.194475e-02   1.681553e-02
  4.309466e+00   5.665650e-02   1.682239e-02
  4.314613e+00   4.149567e-02   1.686392e-02
  4.319760e+00   5.779390e-02   1.684125e-02
  4.324906e+00   5.289870e-02   1.694502e-02
  4.330053e+00   5.340019e-02   1.690579e-02
  4.335199e+00   5.797660e-02   1.693609e-02
  4.340346e+00   6.792618e-02   1.689189e-02
  4.345492e+00   6.254988e-02   1.692326e-02
  4.350639e+00   4.896756e-02   1.694779e-02
  4.355786e+00   4.108635e-02   1.712394e-02
  4.360932e+00   6.802670e-02   1.707054e-02
  4.366079e+00   4.877317e-02   1.705278e-02
  4.371225e+00   5.583305e-02   1.711560e-02
  4.376372e+00   5.144934e-02   1.718893e-02
  4.381518e+00   2.312289e-02   1.711933e-02
  4.386665e+00   7.407092e-02   1.719036e-02
  4.391812e+00   1.825429e-02   1.710442e-02
  4.396958e+00   6.181466e-02   1.716755e-02
  4.402105e+00   4.569486e-02   1.716476e-02
  4.407251e+00   3.906156e-02   1.723252e-02
  4.412398e+00   7.275693e-02   1.727004e-02
  4.417544e+00   2.188576e-02   1.730293e-02
  4.422691e+00   7.603088e-02   1.738800e-02
  4.427838e+00   6.457704e-02   1.741971e-02
  4.432984e+00   6.140392e-02   1.743909e-02
  4.438131e+00   7.976917e-02   1.762874e-02
  4.443277e+00   7.212995e-02   1.757104e-02
  4.448424e+00   7.039725e-02   1.768580e-02
  4.453570e+00   7.333192e-02   1.768073e-02
  4.458717e+00   4.312302e-02   1.782140e-02
  4.463864e+00   4.283644e-02   1.781392e-02
  4.469010e+00   7.149756e-02   1.801725e-02
  4.474157e+00   6.963281e-02   1.794394e-02
  4.479303e+00   6.200258e-02   1.795682e-02
  4.484450e+00   6.100881e-02   1.806236e-02
  4.489596e+00   4.427053e-02   1.806841e-02
  4.494743e+00   8.766784e-02   1.817492e-02
  4.499890e+00   6.526292e-02   1.823887e-02
  4.505036e+00   7.327993e-02   1.828485e-02
  4.510183e+00   2.224276e-02   1.829202e-02
  4.515329e+00   8.087011e-02   1.851528e-02
  4.520476e+00   8.509215e-02   1.845908e-02
  4.525622e+00   4.824452e-02   1.841144e-02
  4.530769e+00   8.766373e-02   1.851870e-02
  4.535916e+00   4.923463e-02   1.859749e-02
  4.541062e+00   4.638995e-02   1.862905e-02
  4.546209e+00   8.317982e-02   1.870876e-02
  4.551355e+00   7.724807e-02   1.866699e-02
  4.556502e+00   5.647131e-02   1.875878e-02
  4.561648e+00   6.733245e-02   1.884402e-02
  4.566795e+00   6.824992e-02   1.881921e-02
  4.571942e+00   6.337708e-02   1.886121e-02
  4.577088e+00   7.978961e-02   1.892314e-02
  4.582235e+00   3.854256e-02   1.905359e-02
  4.587381e+00   3.511509e-02   1.917571e-02
  4.592528e+00   6.732402e-02   1.911969e-02
  4.597674e+00   6.946200e-02   1.934851e-02
  4.602821e+00   7.031135e-02   1.932169e-02
  4.607968e+00   6.814720e-02   1.949850e-02
  4.613114e+00   3.604732e-02   1.951258e-02
  4.618261e+00   5.080920e-02   1.945616e-02
  4.623407e+00   3.777999e-02   1.947923e-02
  4.628554e+00   9.211689e-02   1.950944e-02
  4.633700e+00   8.589577e-02   1.959056e-02
  4.638847e+00   7.356200e-02   1.960313e-02
  4.643994e+00   9.188853e-02   1.966377e-02
  4.649140e+00   6.496587e-02   1.966523e-02
  4.654287e+00   5.566528e-02   1.970141e-02
  4.659433e+00   7.410612e-02   1.977074e-02
  4.664580e+00   7.567204e-02   1.967179e-02
  4.669726e+00   6.182551e-02   1.973034e-02
  4.674873e+00   6.898350e-02   1.974660e-02
  4.680020e+00   6.091590e-02   1.978643e-02
  4.685166e+00   5.318923e-02   1.987842e-02
  4.690313e+00   6.282710e-02   1.990678e-02
  4.695459e+00   9.567664e-02   2.002304e-02
  4.700606e+00   8.178629e-02   2.018316e-02
  4.705752e+00   4.250243e-02   2.016262e-02
  4.710899e+00   4.137019e-02   2.013761e-02
  4.716046e+00   6.759431e-02   2.030107e-02
  4.721192e+00   6.981716e-02   2.033653e-02
  4.726339e+00   7.654754e-02   2.038516e-02
  4.731485e+00   9.067923e-02   2.050491e-02
  4.736632e+00   5.990848e-02   2.051634e-02
  4.741778e+00   9.060632e-02   2.065246e-02
  4.746925e+00   7.669626e-02   2.078459e-02
  4.752072e+00   8.534894e-02   2.084138e-02
  4.757218e+00   1.904268e-02   2.068705e-02
  4.762365e+00   7.074169e-02   2.089368e-02
  4.767511e+00   6.733869e-02   2.086499e-02
  4.772658e+00   3.864882e-02   2.099567e-02
  4.777804e+00   1.034044e-01   2.116337e-02
  4.782951e+00   7.345782e-02   2.121154e-02
  4.788098e+00   4.886141e-02   2.118543e-02
  4.793244e+00   2.774440e-02   2.128193e-02
  4.798391e+00   4.993080e-02   2.149924e-02
  4.803537e+00   7.427530e-02   2.135033e-02
  4.808684e+00   4.469887e-02   2.146496e-02
  4.813830e+00   6.294895e-02   2.159757e-02
  4.818977e+00   4.757570e-02   2.157520e-02
  4.824124e+00   4.896403e-02   2.167601e-02
  4.829270e+00   3.467232e-02   2.174239e-02
  4.834417e+00   3.807085e-02   2.186859e-02
  4.839563e+00   3.306810e-02   2.197484e-02
  4.844710e+00   6.493546e-02   2.212098e-02
  4.849856e+00   5.555122e-02   2.198652e-02
  4.855003e+00   5.694442e-02   2.208572e-02
  4.860150e+00   7.704224e-02   2.222897e-02
  4.865296e+00   4.328078e-02   2.224256e-02
  4.870443e+00   5.564878e-02   2.238139e-02
  4.875589e+00   3.545473e-02   2.234731e-02
  4.880736e+00   1.044135e-01   2.251459e-02
  4.885882e+00   3.973128e-02   2.252220e-02
  4.891029e+00   3.883669e-02   2.273409e-02
  4.896176e+00   7.477655e-02   2.272781e-02
  4.901322e+00   5.331241e-02   2.272132e-02
  4.906469e+00   9.545697e-02   2.284264e-02
  4.911615e+00   6.161674e-02   2.288140e-02
  4.916762e+00   7.296832e-02   2.295585e-02
  4.921908e+00   6.330081e-02   2.309888e-02
  4.927055e+00   1.074656e-01   2.311716e-02
  4.932201e+00   6.600187e-02   2.336243e-02
  4.937348e+00   6.848068e-02   2.340756e-02
  4.942495e+00   4.384924e-02   2.342822e-02
  4.947641e+00   9.149139e-02   2.342946e-02
  4.952788e+00   2.662090e-02   2.336609e-02
  4.957934e+00   6.842676e-02   2.344837e-02
  4.963081e+00   7.867782e-02   2.353815e-02
  4.968227e+00   2.018855e-02   2.340637e-02
  4.973374e+00   8.161504e-02   2.355025e-02
  4.978521e+00   5.735867e-02   2.362450e-02
  4.983667e+00   2.482532e-02   2.367455e-02
  4.988814e+00   5.181259e-02   2.393351e-02
  4.993960e+00   6.408670e-02   2.378602e-02
  4.999107e+00   1.096532e-01   2.383703e-02
  5.004253e+00   4.469079e-02   2.395627e-02
  5.009400e+00   5.534658e-02   2.432248e-02
  5.014547e+00   3.253795e-02   2.450785e-02
  5.019693e+00   3.863098e-02   2.453608e-02
  5.024840e+00   7.739536e-02   2.514261e-02
  5.029986e+00   5.787013e-02   2.518586e-02
  5.035133e+00   3.663293e-02   2.578561e-02
  5.040279e+00   6.465400e-02   2.577726e-02
  5.045426e+00   5.377362e-02   2.602365e-02
  5.050573e+00   5.482594e-02   2.623146e-02
  5.055719e+00   3.265831e-02   2.659426e-02
  5.060866e+00   8.297394e-02   2.703623e-02
  5.066012e+00   7.347291e-02   2.718480e-02
  5.071159e+00   9.829491e-02   2.764125e-02
  5.076305e+00   7.674892e-02   2.785232e-02
  5.081452e+00   5.344477e-02   2.844290e-02
  5.086599e+00   3.985579e-02   2.857740e-02
  5.091745e+00   4.029330e-02   2.940779e-02
  5.096892e+00   4.834943e-02   3.043963e-02
  5.102038e+00   1.290777e-02   3.121838e-02
  5.107185e+00   4.118369e-02   3.229176e-02
  5.112331e+00  -2.831268e-03   3.292445e-02
  5.117478e+00   1.631140e-02   3.328753e-02
  5.122625e+00   8.455100e-02   3.430613e-02
  5.127771e+00   7.014032e-02   3.507867e-02
  5.132918e+00   2.554238e-02   3.613603e-02
  5.138064e+00   5.317132e-02   3.555744e-02
  5.143211e+00   9.863500e-02   3.580973e-02
  5.148357e+00   4.560802e-02   3.605491e-02
  5.153504e+00   1.473996e-01   3.638146e-02
  5.158651e+00   9.018944e-02   3.710887e-02
  5.163797e+00   1.050478e-01   4.273226e-02
  5.168944e+00   4.765217e-02   5.421227e-02
  5.174090e+00   1.319675e-01   6.195277e-02
  5.179237e+00   5.928752e-02   1.090304e-01
range-from: 28
range-to: 1000
