Sample description: 
Sample:   c= 0 mg/ml  Code: 
  1.767703e-01   5.902322e+00   6.679069e-02
  1.819169e-01   6.008826e+00   6.544185e-02
  1.870635e-01   5.814034e+00   6.397498e-02
  1.922101e-01   5.964695e+00   6.167533e-02
  1.973566e-01   5.961173e+00   6.050909e-02
  2.025032e-01   5.872915e+00   5.892719e-02
  2.076498e-01   5.899886e+00   5.796999e-02
  2.127963e-01   5.839204e+00   5.691218e-02
  2.179429e-01   5.759005e+00   5.485445e-02
  2.230895e-01   5.698095e+00   5.352057e-02
  2.282360e-01   5.797933e+00   5.316585e-02
  2.333826e-01   5.775700e+00   5.221371e-02
  2.385292e-01   5.724995e+00   5.134428e-02
  2.436758e-01   5.692119e+00   5.021254e-02
  2.488223e-01   5.628612e+00   4.927916e-02
  2.539689e-01   5.613247e+00   4.832322e-02
  2.591155e-01   5.618207e+00   4.788803e-02
  2.642620e-01   5.601651e+00   4.688439e-02
  2.694086e-01   5.497673e+00   4.598638e-02
  2.745552e-01   5.499091e+00   4.538958e-02
  2.797018e-01   5.476789e+00   4.485516e-02
  2.848483e-01   5.401286e+00   4.403217e-02
  2.899949e-01   5.441330e+00   4.415737e-02
  2.951415e-01   5.287278e+00   4.448043e-02
  3.002880e-01   5.321401e+00   4.453251e-02
  3.054346e-01   5.362514e+00   4.460220e-02
  3.105812e-01   5.367066e+00   4.447957e-02
  3.157277e-01   5.274195e+00   4.411310e-02
  3.208743e-01   5.213503e+00   4.359258e-02
  3.260209e-01   5.252879e+00   4.384324e-02
  3.311675e-01   5.208223e+00   4.351237e-02
  3.363140e-01   5.167805e+00   4.355681e-02
  3.414606e-01   5.109111e+00   4.312244e-02
  3.466072e-01   5.150249e+00   4.280679e-02
  3.517537e-01   5.151845e+00   4.257028e-02
  3.569003e-01   5.013079e+00   4.141586e-02
  3.620469e-01   4.985069e+00   4.011280e-02
  3.671934e-01   4.988868e+00   3.947385e-02
  3.723400e-01   4.919750e+00   3.925408e-02
  3.774866e-01   4.840687e+00   3.837533e-02
  3.826332e-01   4.921258e+00   3.797340e-02
  3.877797e-01   4.851303e+00   3.769391e-02
  3.929263e-01   4.813284e+00   3.700547e-02
  3.980729e-01   4.779177e+00   3.659724e-02
  4.032194e-01   4.690570e+00   3.614208e-02
  4.083660e-01   4.692032e+00   3.541369e-02
  4.135126e-01   4.734378e+00   3.532137e-02
  4.186592e-01   4.652862e+00   3.511626e-02
  4.238057e-01   4.597059e+00   3.447430e-02
  4.289523e-01   4.626902e+00   3.419967e-02
  4.340989e-01   4.580713e+00   3.396700e-02
  4.392454e-01   4.549248e+00   3.372607e-02
  4.443920e-01   4.493070e+00   3.324921e-02
  4.495386e-01   4.482384e+00   3.303580e-02
  4.546851e-01   4.387243e+00   3.240821e-02
  4.598317e-01   4.419766e+00   3.241502e-02
  4.649783e-01   4.331410e+00   3.228562e-02
  4.701249e-01   4.328188e+00   3.261419e-02
  4.752714e-01   4.267160e+00   3.251678e-02
  4.804180e-01   4.249850e+00   3.285627e-02
  4.855646e-01   4.218002e+00   3.261028e-02
  4.907111e-01   4.203545e+00   3.272000e-02
  4.958577e-01   4.143028e+00   3.265593e-02
  5.010043e-01   4.137914e+00   3.256428e-02
  5.061509e-01   4.108045e+00   3.259123e-02
  5.112974e-01   4.059338e+00   3.284139e-02
  5.164440e-01   4.040925e+00   3.234147e-02
  5.215906e-01   4.016210e+00   3.222332e-02
  5.267371e-01   3.999133e+00   3.219742e-02
  5.318837e-01   3.933770e+00   3.206857e-02
  5.370303e-01   3.905693e+00   3.095268e-02
  5.421768e-01   3.890791e+00   3.070799e-02
  5.473234e-01   3.815714e+00   3.031085e-02
  5.524700e-01   3.780238e+00   2.970081e-02
  5.576166e-01   3.781030e+00   2.971869e-02
  5.627631e-01   3.747268e+00   2.936210e-02
  5.679097e-01   3.715269e+00   2.892020e-02
  5.730563e-01   3.712858e+00   2.875251e-02
  5.782028e-01   3.648754e+00   2.856522e-02
  5.833494e-01   3.617570e+00   2.805610e-02
  5.884960e-01   3.604577e+00   2.807477e-02
  5.936426e-01   3.530403e+00   2.800977e-02
  5.987891e-01   3.484485e+00   2.732448e-02
  6.039357e-01   3.516231e+00   2.741777e-02
  6.090823e-01   3.500051e+00   2.727585e-02
  6.142288e-01   3.384303e+00   2.675496e-02
  6.193754e-01   3.372500e+00   2.664507e-02
  6.245220e-01   3.333650e+00   2.653300e-02
  6.296685e-01   3.339084e+00   2.628364e-02
  6.348151e-01   3.283128e+00   2.620289e-02
  6.399617e-01   3.299653e+00   2.610154e-02
  6.451083e-01   3.240462e+00   2.576449e-02
  6.502548e-01   3.163723e+00   2.544128e-02
  6.554014e-01   3.141475e+00   2.541232e-02
  6.605480e-01   3.143690e+00   2.536560e-02
  6.656945e-01   3.074718e+00   2.559774e-02
  6.708411e-01   3.069149e+00   2.588211e-02
  6.759877e-01   3.069253e+00   2.575947e-02
  6.811343e-01   3.029827e+00   2.574056e-02
  6.862808e-01   2.975642e+00   2.568239e-02
  6.914274e-01   2.943853e+00   2.499569e-02
  6.965740e-01   2.936521e+00   2.470176e-02
  7.017205e-01   2.889137e+00   2.462449e-02
  7.068671e-01   2.834694e+00   2.421396e-02
  7.120137e-01   2.885813e+00   2.412284e-02
  7.171602e-01   2.815194e+00   2.404739e-02
  7.223068e-01   2.848722e+00   2.381632e-02
  7.274534e-01   2.760159e+00   2.349157e-02
  7.326000e-01   2.743102e+00   2.349799e-02
  7.377465e-01   2.721643e+00   2.310855e-02
  7.428931e-01   2.696861e+00   2.298408e-02
  7.480397e-01   2.706095e+00   2.296222e-02
  7.531862e-01   2.688253e+00   2.271298e-02
  7.583328e-01   2.595257e+00   2.261448e-02
  7.634794e-01   2.571754e+00   2.265457e-02
  7.686259e-01   2.571818e+00   2.240872e-02
  7.737725e-01   2.515516e+00   2.218856e-02
  7.789191e-01   2.458965e+00   2.221097e-02
  7.840657e-01   2.467740e+00   2.194034e-02
  7.892122e-01   2.410189e+00   2.178180e-02
  7.943588e-01   2.422529e+00   2.182666e-02
  7.995054e-01   2.375749e+00   2.156346e-02
  8.046519e-01   2.388861e+00   2.155480e-02
  8.097985e-01   2.344181e+00   2.146944e-02
  8.149451e-01   2.258327e+00   2.100677e-02
  8.200917e-01   2.265387e+00   2.102288e-02
  8.252382e-01   2.273935e+00   2.104205e-02
  8.303848e-01   2.213211e+00   2.069239e-02
  8.355314e-01   2.200553e+00   2.062001e-02
  8.406779e-01   2.187322e+00   2.057658e-02
  8.458245e-01   2.196071e+00   2.050117e-02
  8.509711e-01   2.115794e+00   2.033493e-02
  8.561176e-01   2.112185e+00   2.031101e-02
  8.612642e-01   2.062527e+00   2.014904e-02
  8.664108e-01   2.049248e+00   2.006194e-02
  8.715574e-01   2.006094e+00   2.000122e-02
  8.767039e-01   2.040481e+00   1.989382e-02
  8.818505e-01   1.997234e+00   1.979882e-02
  8.869971e-01   1.980866e+00   1.965321e-02
  8.921436e-01   1.968162e+00   1.974963e-02
  8.972902e-01   1.921591e+00   1.939519e-02
  9.024368e-01   1.924865e+00   1.951604e-02
  9.075834e-01   1.898369e+00   1.937431e-02
  9.127299e-01   1.857322e+00   1.912531e-02
  9.178765e-01   1.832191e+00   1.918622e-02
  9.230231e-01   1.818577e+00   1.950230e-02
  9.281696e-01   1.791874e+00   1.922691e-02
  9.333162e-01   1.761194e+00   1.937265e-02
  9.384628e-01   1.741273e+00   1.934029e-02
  9.436093e-01   1.741555e+00   1.917407e-02
  9.487559e-01   1.664080e+00   1.923958e-02
  9.539025e-01   1.709630e+00   1.936213e-02
  9.590491e-01   1.657359e+00   1.906315e-02
  9.641956e-01   1.664790e+00   1.916958e-02
  9.693422e-01   1.654435e+00   1.920955e-02
  9.744888e-01   1.607662e+00   1.898602e-02
  9.796353e-01   1.577097e+00   1.899041e-02
  9.847819e-01   1.583706e+00   1.903729e-02
  9.899285e-01   1.563157e+00   1.889725e-02
  9.950751e-01   1.516872e+00   1.890418e-02
  1.000222e+00   1.512112e+00   1.889472e-02
  1.005368e+00   1.536392e+00   1.893368e-02
  1.010515e+00   1.491874e+00   1.905599e-02
  1.015661e+00   1.470298e+00   1.918263e-02
  1.020808e+00   1.434443e+00   1.906590e-02
  1.025954e+00   1.426183e+00   1.912307e-02
  1.031101e+00   1.422890e+00   1.916536e-02
  1.036248e+00   1.374116e+00   1.908804e-02
  1.041394e+00   1.374993e+00   1.912894e-02
  1.046541e+00   1.361549e+00   1.910817e-02
  1.051687e+00   1.340994e+00   1.894333e-02
  1.056834e+00   1.352012e+00   1.901278e-02
  1.061980e+00   1.300325e+00   1.896866e-02
  1.067127e+00   1.286199e+00   1.886584e-02
  1.072274e+00   1.249269e+00   1.868569e-02
  1.077420e+00   1.258719e+00   1.879661e-02
  1.082567e+00   1.225300e+00   1.866192e-02
  1.087713e+00   1.215134e+00   1.860678e-02
  1.092860e+00   1.201704e+00   1.860986e-02
  1.098006e+00   1.182481e+00   1.849882e-02
  1.103153e+00   1.162320e+00   1.849187e-02
  1.108300e+00   1.146275e+00   1.846701e-02
  1.113446e+00   1.131133e+00   1.863522e-02
  1.118593e+00   1.115256e+00   1.860347e-02
  1.123739e+00   1.122025e+00   1.879269e-02
  1.128886e+00   1.073249e+00   1.864356e-02
  1.134032e+00   1.057637e+00   1.855846e-02
  1.139179e+00   1.087158e+00   1.867238e-02
  1.144326e+00   1.057606e+00   1.853467e-02
  1.149472e+00   1.032722e+00   1.865849e-02
  1.154619e+00   1.045907e+00   1.853647e-02
  1.159765e+00   1.016296e+00   1.851355e-02
  1.164912e+00   1.008807e+00   1.841382e-02
  1.170058e+00   9.762138e-01   1.841991e-02
  1.175205e+00   9.539941e-01   1.825224e-02
  1.180352e+00   9.581181e-01   1.809589e-02
  1.185498e+00   9.092206e-01   1.800528e-02
  1.190645e+00   9.400217e-01   1.797745e-02
  1.195791e+00   8.686915e-01   1.777105e-02
  1.200938e+00   8.998477e-01   1.773703e-02
  1.206084e+00   8.912163e-01   1.761345e-02
  1.211231e+00   8.304683e-01   1.742742e-02
  1.216378e+00   8.786367e-01   1.752245e-02
  1.221524e+00   8.157140e-01   1.732134e-02
  1.226671e+00   8.569364e-01   1.748436e-02
  1.231817e+00   8.115446e-01   1.782158e-02
  1.236964e+00   7.963936e-01   1.766562e-02
  1.242110e+00   7.972796e-01   1.766470e-02
  1.247257e+00   7.929970e-01   1.777935e-02
  1.252404e+00   7.709451e-01   1.767714e-02
  1.257550e+00   8.037483e-01   1.778503e-02
  1.262697e+00   7.422367e-01   1.767146e-02
  1.267843e+00   7.263906e-01   1.760000e-02
  1.272990e+00   7.441920e-01   1.764135e-02
  1.278136e+00   7.233729e-01   1.778653e-02
  1.283283e+00   6.999283e-01   1.752633e-02
  1.288430e+00   6.981568e-01   1.767458e-02
  1.293576e+00   7.222834e-01   1.806562e-02
  1.298723e+00   6.675632e-01   1.803095e-02
  1.303869e+00   6.958183e-01   1.819146e-02
  1.309016e+00   6.798182e-01   1.839658e-02
  1.314162e+00   6.576680e-01   1.832713e-02
  1.319309e+00   6.291266e-01   1.848433e-02
  1.324456e+00   6.592746e-01   1.853986e-02
  1.329602e+00   6.429589e-01   1.836613e-02
  1.334749e+00   6.485683e-01   1.862353e-02
  1.339895e+00   6.155206e-01   1.852737e-02
  1.345042e+00   6.128868e-01   1.853359e-02
  1.350188e+00   5.665331e-01   1.860455e-02
  1.355335e+00   5.925504e-01   1.857885e-02
  1.360482e+00   5.532694e-01   1.820925e-02
  1.365628e+00   5.805292e-01   1.804682e-02
  1.370775e+00   5.573374e-01   1.803930e-02
  1.375921e+00   5.462160e-01   1.787761e-02
  1.381068e+00   4.988673e-01   1.765983e-02
  1.386214e+00   5.312477e-01   1.786569e-02
  1.391361e+00   5.222626e-01   1.756654e-02
  1.396508e+00   4.965453e-01   1.754398e-02
  1.401654e+00   4.919510e-01   1.757784e-02
  1.406801e+00   4.878886e-01   1.764758e-02
  1.411947e+00   4.764524e-01   1.735952e-02
  1.417094e+00   4.903519e-01   1.752356e-02
  1.422240e+00   4.628154e-01   1.734026e-02
  1.427387e+00   4.503045e-01   1.726102e-02
  1.432534e+00   4.970887e-01   1.740448e-02
  1.437680e+00   4.628174e-01   1.725502e-02
  1.442827e+00   4.763052e-01   1.717194e-02
  1.447973e+00   4.467947e-01   1.732094e-02
  1.453120e+00   4.419179e-01   1.716195e-02
  1.458266e+00   4.060290e-01   1.696350e-02
  1.463413e+00   3.981780e-01   1.704528e-02
  1.468560e+00   3.903283e-01   1.691159e-02
  1.473706e+00   3.958435e-01   1.688246e-02
  1.478853e+00   4.202188e-01   1.701644e-02
  1.483999e+00   3.837182e-01   1.688914e-02
  1.489146e+00   3.669341e-01   1.679684e-02
  1.494292e+00   3.693795e-01   1.681691e-02
  1.499439e+00   3.930040e-01   1.682293e-02
  1.504586e+00   3.588308e-01   1.672230e-02
  1.509732e+00   3.823257e-01   1.685549e-02
  1.514879e+00   3.421530e-01   1.666755e-02
  1.520025e+00   3.305707e-01   1.658850e-02
  1.525172e+00   3.459406e-01   1.677968e-02
  1.530318e+00   3.282429e-01   1.660406e-02
  1.535465e+00   3.075014e-01   1.662618e-02
  1.540612e+00   3.282175e-01   1.662084e-02
  1.545758e+00   3.274522e-01   1.656940e-02
  1.550905e+00   3.506793e-01   1.660561e-02
  1.556051e+00   2.832394e-01   1.644702e-02
  1.561198e+00   3.283359e-01   1.649385e-02
  1.566344e+00   2.836065e-01   1.639409e-02
  1.571491e+00   2.859757e-01   1.642218e-02
  1.576638e+00   2.955228e-01   1.650604e-02
  1.581784e+00   2.838359e-01   1.633840e-02
  1.586931e+00   2.868014e-01   1.634259e-02
  1.592077e+00   2.747294e-01   1.634567e-02
  1.597224e+00   2.502471e-01   1.625949e-02
  1.602370e+00   2.697715e-01   1.625713e-02
  1.607517e+00   2.990512e-01   1.638640e-02
  1.612664e+00   2.636631e-01   1.622574e-02
  1.617810e+00   2.647893e-01   1.628728e-02
  1.622957e+00   2.440804e-01   1.618010e-02
  1.628103e+00   2.359620e-01   1.606302e-02
  1.633250e+00   2.350815e-01   1.614124e-02
  1.638396e+00   2.586615e-01   1.620742e-02
  1.643543e+00   2.424316e-01   1.603307e-02
  1.648690e+00   2.350152e-01   1.605727e-02
  1.653836e+00   2.467239e-01   1.611829e-02
  1.658983e+00   1.903283e-01   1.589344e-02
  1.664129e+00   2.271545e-01   1.614559e-02
  1.669276e+00   2.130459e-01   1.603460e-02
  1.674422e+00   2.265465e-01   1.593640e-02
  1.679569e+00   2.079416e-01   1.597152e-02
  1.684716e+00   2.008561e-01   1.600792e-02
  1.689862e+00   2.018451e-01   1.584399e-02
  1.695009e+00   2.013621e-01   1.589424e-02
  1.700155e+00   2.190933e-01   1.597263e-02
  1.705302e+00   1.973390e-01   1.583072e-02
  1.710448e+00   1.831473e-01   1.589759e-02
  1.715595e+00   1.644764e-01   1.580109e-02
  1.720741e+00   1.938460e-01   1.571971e-02
  1.725888e+00   1.509954e-01   1.572547e-02
  1.731035e+00   1.780168e-01   1.576121e-02
  1.736181e+00   1.771576e-01   1.567994e-02
  1.741328e+00   1.579445e-01   1.566512e-02
  1.746474e+00   1.818430e-01   1.576818e-02
  1.751621e+00   1.530856e-01   1.562437e-02
  1.756767e+00   1.384381e-01   1.548871e-02
  1.761914e+00   1.624242e-01   1.560237e-02
  1.767061e+00   1.708021e-01   1.544930e-02
  1.772207e+00   1.697863e-01   1.546083e-02
  1.777354e+00   1.526935e-01   1.556209e-02
  1.782500e+00   1.517562e-01   1.549747e-02
  1.787647e+00   1.514954e-01   1.537690e-02
  1.792793e+00   1.499950e-01   1.556241e-02
  1.797940e+00   1.494717e-01   1.540405e-02
  1.803087e+00   1.381823e-01   1.537954e-02
  1.808233e+00   1.539581e-01   1.545253e-02
  1.813380e+00   1.562429e-01   1.539114e-02
  1.818526e+00   1.249839e-01   1.521847e-02
  1.823673e+00   1.380702e-01   1.540049e-02
  1.828819e+00   1.176246e-01   1.530144e-02
  1.833966e+00   1.107097e-01   1.526691e-02
  1.839113e+00   1.306208e-01   1.536895e-02
  1.844259e+00   1.180249e-01   1.528475e-02
  1.849406e+00   1.214569e-01   1.513739e-02
  1.854552e+00   1.078030e-01   1.532989e-02
  1.859699e+00   1.137851e-01   1.528219e-02
  1.864845e+00   1.035834e-01   1.521250e-02
  1.869992e+00   1.192330e-01   1.530429e-02
  1.875139e+00   8.984695e-02   1.520101e-02
  1.880285e+00   1.014167e-01   1.517042e-02
  1.885432e+00   1.153049e-01   1.527802e-02
  1.890578e+00   9.644294e-02   1.514008e-02
  1.895725e+00   1.241643e-01   1.515364e-02
  1.900871e+00   1.274161e-01   1.530102e-02
  1.906018e+00   1.009204e-01   1.515468e-02
  1.911165e+00   1.133905e-01   1.511713e-02
  1.916311e+00   7.680056e-02   1.516437e-02
  1.921458e+00   1.399155e-01   1.523526e-02
  1.926604e+00   9.209640e-02   1.511048e-02
  1.931751e+00   1.083404e-01   1.521002e-02
  1.936897e+00   9.741959e-02   1.509386e-02
  1.942044e+00   9.042074e-02   1.501582e-02
  1.947191e+00   9.825466e-02   1.515746e-02
  1.952337e+00   9.225479e-02   1.508090e-02
  1.957484e+00   9.654769e-02   1.502359e-02
  1.962630e+00   1.022628e-01   1.519825e-02
  1.967777e+00   7.431641e-02   1.507803e-02
  1.972923e+00   6.899515e-02   1.499449e-02
  1.978070e+00   8.127129e-02   1.506271e-02
  1.983217e+00   8.898032e-02   1.502387e-02
  1.988363e+00   7.027874e-02   1.497679e-02
  1.993510e+00   6.461598e-02   1.501344e-02
  1.998656e+00   8.520313e-02   1.508119e-02
  2.003803e+00   7.706312e-02   1.498683e-02
  2.008949e+00   9.467747e-02   1.506883e-02
  2.014096e+00   5.207854e-02   1.495029e-02
  2.019243e+00   7.360652e-02   1.492637e-02
  2.024389e+00   9.129495e-02   1.500352e-02
  2.029536e+00   7.552325e-02   1.496254e-02
  2.034682e+00   8.388908e-02   1.491930e-02
  2.039829e+00   8.428261e-02   1.500445e-02
  2.044975e+00   6.972599e-02   1.495669e-02
  2.050122e+00   7.373481e-02   1.496143e-02
  2.055269e+00   6.867306e-02   1.495861e-02
  2.060415e+00   6.722288e-02   1.496130e-02
  2.065562e+00   5.327903e-02   1.482955e-02
  2.070708e+00   7.625899e-02   1.490629e-02
  2.075855e+00   4.844545e-02   1.484945e-02
  2.081001e+00   1.066297e-01   1.490293e-02
  2.086148e+00   8.132117e-02   1.496171e-02
  2.091295e+00   9.308492e-02   1.489929e-02
  2.096441e+00   7.682996e-02   1.488466e-02
  2.101588e+00   7.909600e-02   1.483003e-02
  2.106734e+00   5.047792e-02   1.483821e-02
  2.111881e+00   6.915348e-02   1.511367e-02
  2.117027e+00   6.104478e-02   1.533176e-02
  2.122174e+00   8.304638e-02   1.539789e-02
  2.127321e+00   3.322642e-02   1.545934e-02
  2.132467e+00   5.452974e-02   1.570831e-02
  2.137614e+00   3.804217e-02   1.568226e-02
  2.142760e+00   6.993742e-02   1.580341e-02
  2.147907e+00   6.407571e-02   1.584522e-02
  2.153053e+00   7.283939e-02   1.594287e-02
  2.158200e+00   7.978421e-02   1.600127e-02
  2.163347e+00   6.252715e-02   1.611472e-02
  2.168493e+00   6.149446e-02   1.608730e-02
  2.173640e+00   7.583716e-02   1.604980e-02
  2.178786e+00   8.305781e-02   1.590214e-02
  2.183933e+00   6.992428e-02   1.578168e-02
  2.189079e+00   6.986285e-02   1.561702e-02
  2.194226e+00   5.287257e-02   1.540302e-02
  2.199373e+00   6.792344e-02   1.543220e-02
  2.204519e+00   6.905579e-02   1.538933e-02
  2.209666e+00   6.133773e-02   1.537647e-02
  2.214812e+00   7.887334e-02   1.539156e-02
  2.219959e+00   6.562167e-02   1.519767e-02
  2.225105e+00   3.913467e-02   1.522518e-02
  2.230252e+00   5.448048e-02   1.528326e-02
  2.235399e+00   6.404070e-02   1.510107e-02
  2.240545e+00   7.048487e-02   1.511926e-02
  2.245692e+00   6.097827e-02   1.517822e-02
  2.250838e+00   8.448011e-02   1.506917e-02
  2.255985e+00   5.576101e-02   1.505653e-02
  2.261131e+00   5.544161e-02   1.512475e-02
  2.266278e+00   9.424922e-02   1.505158e-02
  2.271425e+00   6.425412e-02   1.509658e-02
  2.276571e+00   6.357367e-02   1.507500e-02
  2.281718e+00   8.145870e-02   1.503887e-02
  2.286864e+00   7.936849e-02   1.506525e-02
  2.292011e+00   8.427738e-02   1.506185e-02
  2.297157e+00   5.462460e-02   1.488548e-02
  2.302304e+00   8.079819e-02   1.496777e-02
  2.307451e+00   6.082194e-02   1.504017e-02
  2.312597e+00   6.556697e-02   1.495267e-02
  2.317744e+00   8.432214e-02   1.491083e-02
  2.322890e+00   8.443698e-02   1.500367e-02
  2.328037e+00   7.794961e-02   1.484881e-02
  2.333183e+00   6.129014e-02   1.484731e-02
  2.338330e+00   7.203674e-02   1.496418e-02
  2.343477e+00   6.803121e-02   1.485349e-02
  2.348623e+00   3.561604e-02   1.473183e-02
  2.353770e+00   7.308417e-02   1.490071e-02
  2.358916e+00   6.804024e-02   1.486646e-02
  2.364063e+00   4.137307e-02   1.472475e-02
  2.369209e+00   7.756803e-02   1.482987e-02
  2.374356e+00   5.397677e-02   1.482357e-02
  2.379503e+00   8.472800e-02   1.474049e-02
  2.384649e+00   9.040168e-02   1.486462e-02
  2.389796e+00   9.302808e-02   1.476267e-02
  2.394942e+00   6.740912e-02   1.470150e-02
  2.400089e+00   8.277299e-02   1.485798e-02
  2.405235e+00   7.913841e-02   1.475463e-02
  2.410382e+00   6.855368e-02   1.466099e-02
  2.415529e+00   4.844847e-02   1.470526e-02
  2.420675e+00   7.749767e-02   1.469497e-02
  2.425822e+00   6.375379e-02   1.462035e-02
  2.430968e+00   6.948190e-02   1.474027e-02
  2.436115e+00   6.500980e-02   1.468208e-02
  2.441261e+00   1.077857e-01   1.464927e-02
  2.446408e+00   4.704087e-02   1.468880e-02
  2.451555e+00   7.200085e-02   1.457503e-02
  2.456701e+00   7.138074e-02   1.453769e-02
  2.461848e+00   6.493573e-02   1.462800e-02
  2.466994e+00   8.884530e-02   1.454452e-02
  2.472141e+00   5.845984e-02   1.444889e-02
  2.477287e+00   8.532914e-02   1.457781e-02
  2.482434e+00   7.565494e-02   1.448894e-02
  2.487581e+00   6.437391e-02   1.438188e-02
  2.492727e+00   7.269640e-02   1.454442e-02
  2.497874e+00   1.039884e-01   1.441155e-02
  2.503020e+00   7.114170e-02   1.436150e-02
  2.508167e+00   6.996491e-02   1.439604e-02
  2.513313e+00   6.960302e-02   1.444825e-02
  2.518460e+00   8.045683e-02   1.431981e-02
  2.523606e+00   6.906761e-02   1.445902e-02
  2.528753e+00   6.225156e-02   1.434062e-02
  2.533900e+00   1.011511e-01   1.437525e-02
  2.539046e+00   8.122147e-02   1.436353e-02
  2.544193e+00   7.867234e-02   1.435329e-02
  2.549339e+00   7.639933e-02   1.429199e-02
  2.554486e+00   1.065375e-01   1.446520e-02
  2.559632e+00   7.865086e-02   1.431169e-02
  2.564779e+00   7.440700e-02   1.426056e-02
  2.569926e+00   9.705568e-02   1.440836e-02
  2.575072e+00   7.560227e-02   1.464935e-02
  2.580219e+00   7.327004e-02   1.470574e-02
  2.585365e+00   4.584294e-02   1.487966e-02
  2.590512e+00   8.146565e-02   1.502544e-02
  2.595658e+00   4.447759e-02   1.491324e-02
  2.600805e+00   6.973840e-02   1.481480e-02
  2.605952e+00   6.813993e-02   1.466727e-02
  2.611098e+00   9.498919e-02   1.457939e-02
  2.616245e+00   1.076621e-01   1.469232e-02
  2.621391e+00   8.717351e-02   1.457943e-02
  2.626538e+00   9.271991e-02   1.446374e-02
  2.631684e+00   8.316489e-02   1.449194e-02
  2.636831e+00   9.089478e-02   1.443807e-02
  2.641978e+00   1.024844e-01   1.439623e-02
  2.647124e+00   7.904730e-02   1.452964e-02
  2.652271e+00   8.085738e-02   1.445456e-02
  2.657417e+00   8.213010e-02   1.438289e-02
  2.662564e+00   7.172329e-02   1.446485e-02
  2.667710e+00   8.201100e-02   1.444546e-02
  2.672857e+00   9.820214e-02   1.439486e-02
  2.678004e+00   1.047636e-01   1.443763e-02
  2.683150e+00   1.082500e-01   1.440242e-02
  2.688297e+00   6.067414e-02   1.427259e-02
  2.693443e+00   8.336992e-02   1.438952e-02
  2.698590e+00   7.006686e-02   1.435531e-02
  2.703736e+00   5.365056e-02   1.426633e-02
  2.708883e+00   6.571849e-02   1.435964e-02
  2.714030e+00   6.894287e-02   1.428260e-02
  2.719176e+00   9.381912e-02   1.423751e-02
  2.724323e+00   9.121158e-02   1.435161e-02
  2.729469e+00   7.862948e-02   1.424433e-02
  2.734616e+00   7.460267e-02   1.422990e-02
  2.739762e+00   7.492855e-02   1.423891e-02
  2.744909e+00   9.040787e-02   1.430229e-02
  2.750056e+00   1.000708e-01   1.417124e-02
  2.755202e+00   9.137338e-02   1.430708e-02
  2.760349e+00   6.859996e-02   1.415869e-02
  2.765495e+00   8.111384e-02   1.415009e-02
  2.770642e+00   7.357443e-02   1.419829e-02
  2.775788e+00   7.629508e-02   1.420397e-02
  2.780935e+00   8.116416e-02   1.409691e-02
  2.786082e+00   8.738302e-02   1.422130e-02
  2.791228e+00   9.234611e-02   1.419819e-02
  2.796375e+00   9.015117e-02   1.418297e-02
  2.801521e+00   7.640466e-02   1.415867e-02
  2.806668e+00   9.503437e-02   1.411059e-02
  2.811814e+00   8.689237e-02   1.409035e-02
  2.816961e+00   9.025282e-02   1.436595e-02
  2.822108e+00   6.008295e-02   1.438892e-02
  2.827254e+00   8.478851e-02   1.444656e-02
  2.832401e+00   7.565048e-02   1.452628e-02
  2.837547e+00   8.182616e-02   1.459713e-02
  2.842694e+00   7.634183e-02   1.452337e-02
  2.847840e+00   9.584469e-02   1.456235e-02
  2.852987e+00   6.591205e-02   1.454063e-02
  2.858134e+00   8.850578e-02   1.448757e-02
  2.863280e+00   8.697812e-02   1.452289e-02
  2.868427e+00   1.066997e-01   1.456787e-02
  2.873573e+00   7.565937e-02   1.447710e-02
  2.878720e+00   1.342057e-01   1.456580e-02
  2.883866e+00   8.624866e-02   1.449858e-02
  2.889013e+00   9.007428e-02   1.442298e-02
  2.894160e+00   6.562960e-02   1.440399e-02
  2.899306e+00   1.029080e-01   1.442745e-02
  2.904453e+00   9.736605e-02   1.434587e-02
  2.909599e+00   9.287942e-02   1.441827e-02
  2.914746e+00   8.355757e-02   1.443579e-02
  2.919892e+00   7.916521e-02   1.435890e-02
  2.925039e+00   8.321875e-02   1.447410e-02
  2.930186e+00   8.231382e-02   1.466300e-02
  2.935332e+00   1.123214e-01   1.493209e-02
  2.940479e+00   7.230063e-02   1.509240e-02
  2.945625e+00   1.044256e-01   1.524440e-02
  2.950772e+00   9.032570e-02   1.529791e-02
  2.955918e+00   6.470914e-02   1.537725e-02
  2.961065e+00   7.228870e-02   1.546855e-02
  2.966212e+00   1.195105e-01   1.565735e-02
  2.971358e+00   8.342571e-02   1.571496e-02
  2.976505e+00   9.219904e-02   1.578542e-02
  2.981651e+00   5.619723e-02   1.574194e-02
  2.986798e+00   7.439714e-02   1.600192e-02
  2.991944e+00   8.519681e-02   1.600237e-02
  2.997091e+00   9.955981e-02   1.568230e-02
  3.002238e+00   9.437048e-02   1.559926e-02
  3.007384e+00   9.996722e-02   1.546667e-02
  3.012531e+00   7.207781e-02   1.530926e-02
  3.017677e+00   9.514053e-02   1.529083e-02
  3.022824e+00   6.347954e-02   1.524432e-02
  3.027970e+00   1.038072e-01   1.516692e-02
  3.033117e+00   7.628261e-02   1.521557e-02
  3.038264e+00   7.443394e-02   1.523417e-02
  3.043410e+00   1.057958e-01   1.512642e-02
  3.048557e+00   7.889729e-02   1.516695e-02
  3.053703e+00   9.214607e-02   1.519434e-02
  3.058850e+00   7.314188e-02   1.519971e-02
  3.063996e+00   8.686069e-02   1.520558e-02
  3.069143e+00   8.827786e-02   1.518766e-02
  3.074290e+00   9.991388e-02   1.512323e-02
  3.079436e+00   9.129750e-02   1.518168e-02
  3.084583e+00   7.776867e-02   1.518204e-02
  3.089729e+00   7.051662e-02   1.506442e-02
  3.094876e+00   7.889698e-02   1.507066e-02
  3.100022e+00   7.273018e-02   1.509562e-02
  3.105169e+00   8.330120e-02   1.502988e-02
  3.110316e+00   6.484065e-02   1.509587e-02
  3.115462e+00   7.503386e-02   1.504308e-02
  3.120609e+00   7.404614e-02   1.489537e-02
  3.125755e+00   8.395382e-02   1.491922e-02
  3.130902e+00   7.766293e-02   1.500533e-02
  3.136048e+00   6.995411e-02   1.477742e-02
  3.141195e+00   7.399890e-02   1.489822e-02
  3.146342e+00   9.537108e-02   1.486205e-02
  3.151488e+00   9.056219e-02   1.474982e-02
  3.156635e+00   7.596023e-02   1.478372e-02
  3.161781e+00   9.416367e-02   1.488678e-02
  3.166928e+00   6.499618e-02   1.466045e-02
  3.172074e+00   7.834510e-02   1.476968e-02
  3.177221e+00   7.727615e-02   1.481579e-02
  3.182368e+00   7.680775e-02   1.470180e-02
  3.187514e+00   9.925158e-02   1.476382e-02
  3.192661e+00   7.482324e-02   1.483227e-02
  3.197807e+00   6.327168e-02   1.462244e-02
  3.202954e+00   5.542275e-02   1.470989e-02
  3.208100e+00   7.516300e-02   1.474938e-02
  3.213247e+00   8.308175e-02   1.464094e-02
  3.218394e+00   8.969818e-02   1.474137e-02
  3.223540e+00   7.486006e-02   1.478090e-02
  3.228687e+00   5.784731e-02   1.456409e-02
  3.233833e+00   7.660779e-02   1.467118e-02
  3.238980e+00   9.025471e-02   1.486050e-02
  3.244126e+00   7.372827e-02   1.460860e-02
  3.249273e+00   7.751014e-02   1.458436e-02
  3.254420e+00   6.045407e-02   1.470638e-02
  3.259566e+00   9.370642e-02   1.455709e-02
  3.264713e+00   7.527562e-02   1.464719e-02
  3.269859e+00   7.247361e-02   1.471822e-02
  3.275006e+00   6.436177e-02   1.456668e-02
  3.280152e+00   7.832296e-02   1.461641e-02
  3.285299e+00   7.906502e-02   1.477450e-02
  3.290446e+00   6.752493e-02   1.456015e-02
  3.295592e+00   8.247270e-02   1.462887e-02
  3.300739e+00   7.352627e-02   1.468633e-02
  3.305885e+00   9.131615e-02   1.454341e-02
  3.311032e+00   7.659637e-02   1.458909e-02
  3.316178e+00   7.529800e-02   1.467438e-02
  3.321325e+00   8.572633e-02   1.453833e-02
  3.326471e+00   8.034788e-02   1.459186e-02
  3.331618e+00   9.369262e-02   1.463952e-02
  3.336765e+00   7.374060e-02   1.445646e-02
  3.341911e+00   6.323992e-02   1.449816e-02
  3.347058e+00   6.480522e-02   1.455420e-02
  3.352204e+00   7.813872e-02   1.444415e-02
  3.357351e+00   6.869042e-02   1.447623e-02
  3.362497e+00   6.932223e-02   1.459222e-02
  3.367644e+00   5.574941e-02   1.438394e-02
  3.372791e+00   8.087648e-02   1.454884e-02
  3.377937e+00   5.511681e-02   1.452201e-02
  3.383084e+00   7.132637e-02   1.449419e-02
  3.388230e+00   7.070636e-02   1.448109e-02
  3.393377e+00   4.399024e-02   1.452428e-02
  3.398523e+00   7.377534e-02   1.445913e-02
  3.403670e+00   7.256248e-02   1.447459e-02
  3.408817e+00   7.060626e-02   1.458048e-02
  3.413963e+00   6.187516e-02   1.446919e-02
  3.419110e+00   5.128421e-02   1.445135e-02
  3.424256e+00   7.366373e-02   1.456665e-02
  3.429403e+00   6.308000e-02   1.436896e-02
  3.434549e+00   5.575836e-02   1.445641e-02
  3.439696e+00   7.127163e-02   1.451743e-02
  3.444843e+00   8.633161e-02   1.447056e-02
  3.449989e+00   7.174577e-02   1.443930e-02
  3.455136e+00   6.050140e-02   1.451097e-02
  3.460282e+00   9.577401e-02   1.445849e-02
  3.465429e+00   8.401147e-02   1.446600e-02
  3.470575e+00   4.874703e-02   1.446218e-02
  3.475722e+00   8.490213e-02   1.440195e-02
  3.480869e+00   6.751220e-02   1.436642e-02
  3.486015e+00   6.706037e-02   1.451580e-02
  3.491162e+00   7.379521e-02   1.435143e-02
  3.496308e+00   4.758272e-02   1.437000e-02
  3.501455e+00   5.670121e-02   1.445797e-02
  3.506601e+00   6.433927e-02   1.442899e-02
  3.511748e+00   3.539893e-02   1.429871e-02
  3.516895e+00   6.008394e-02   1.444347e-02
  3.522041e+00   8.674575e-02   1.439303e-02
  3.527188e+00   6.578773e-02   1.437054e-02
  3.532334e+00   7.855387e-02   1.442780e-02
  3.537481e+00   5.192488e-02   1.441683e-02
  3.542627e+00   4.997431e-02   1.434989e-02
  3.547774e+00   7.029540e-02   1.449888e-02
  3.552921e+00   6.101967e-02   1.439637e-02
  3.558067e+00   5.073702e-02   1.436701e-02
  3.563214e+00   4.761802e-02   1.441956e-02
  3.568360e+00   4.535730e-02   1.435825e-02
  3.573507e+00   6.620848e-02   1.434708e-02
  3.578653e+00   3.419389e-02   1.439839e-02
  3.583800e+00   6.540323e-02   1.436074e-02
  3.588947e+00   9.697949e-02   1.445563e-02
  3.594093e+00   5.627468e-02   1.445670e-02
  3.599240e+00   6.666418e-02   1.443684e-02
  3.604386e+00   6.864352e-02   1.433017e-02
  3.609533e+00   7.100992e-02   1.453140e-02
  3.614679e+00   6.040959e-02   1.434608e-02
  3.619826e+00   5.012928e-02   1.442845e-02
  3.624973e+00   5.670636e-02   1.441664e-02
  3.630119e+00   5.447760e-02   1.440594e-02
  3.635266e+00   5.264299e-02   1.435701e-02
  3.640412e+00   7.064586e-02   1.454744e-02
  3.645559e+00   5.607490e-02   1.436873e-02
  3.650705e+00   3.853049e-02   1.433366e-02
  3.655852e+00   7.467776e-02   1.443239e-02
  3.660999e+00   7.704982e-02   1.440481e-02
  3.666145e+00   5.738425e-02   1.434960e-02
  3.671292e+00   6.240267e-02   1.450793e-02
  3.676438e+00   4.569646e-02   1.430050e-02
  3.681585e+00   6.729650e-02   1.439124e-02
  3.686731e+00   4.942976e-02   1.445548e-02
  3.691878e+00   6.176409e-02   1.440621e-02
  3.697025e+00   6.327003e-02   1.433514e-02
  3.702171e+00   5.521682e-02   1.446990e-02
  3.707318e+00   5.797101e-02   1.431420e-02
  3.712464e+00   7.646196e-02   1.437561e-02
  3.717611e+00   9.741358e-02   1.451754e-02
  3.722757e+00   5.246219e-02   1.433280e-02
  3.727904e+00   2.726128e-02   1.433715e-02
  3.733051e+00   2.660373e-02   1.450174e-02
  3.738197e+00   6.683594e-02   1.434330e-02
  3.743344e+00   5.681160e-02   1.437915e-02
  3.748490e+00   3.971173e-02   1.470606e-02
  3.753637e+00   7.213058e-02   1.488342e-02
  3.758783e+00   6.132580e-02   1.510089e-02
  3.763930e+00   4.103026e-02   1.525842e-02
  3.769077e+00   6.461593e-02   1.529312e-02
  3.774223e+00   8.643292e-02   1.555781e-02
  3.779370e+00   5.219429e-02   1.554896e-02
  3.784516e+00   6.606382e-02   1.544829e-02
  3.789663e+00   4.432703e-02   1.553637e-02
  3.794809e+00   4.019636e-02   1.569209e-02
  3.799956e+00   6.159489e-02   1.556542e-02
  3.805103e+00   4.685806e-02   1.568411e-02
  3.810249e+00   4.367483e-02   1.570061e-02
  3.815396e+00   5.001167e-02   1.521906e-02
  3.820542e+00   6.848160e-02   1.511183e-02
  3.825689e+00   5.844477e-02   1.511414e-02
  3.830835e+00   8.078103e-02   1.491201e-02
  3.835982e+00   3.814425e-02   1.487565e-02
  3.841129e+00   4.653184e-02   1.493703e-02
  3.846275e+00   6.202373e-02   1.487490e-02
  3.851422e+00   3.916679e-02   1.482456e-02
  3.856568e+00   5.701251e-02   1.504674e-02
  3.861715e+00   4.278185e-02   1.474888e-02
  3.866861e+00   4.487041e-02   1.490161e-02
  3.872008e+00   5.066536e-02   1.497928e-02
  3.877155e+00   6.853130e-02   1.487083e-02
  3.882301e+00   5.287443e-02   1.488460e-02
  3.887448e+00   4.215747e-02   1.493861e-02
  3.892594e+00   7.907992e-02   1.487070e-02
  3.897741e+00   7.095077e-02   1.492496e-02
  3.902887e+00   7.477101e-02   1.500435e-02
  3.908034e+00   3.439169e-02   1.478496e-02
  3.913181e+00   5.037053e-02   1.490312e-02
  3.918327e+00   5.839277e-02   1.497827e-02
  3.923474e+00   5.378144e-02   1.479220e-02
  3.928620e+00   6.353662e-02   1.491771e-02
  3.933767e+00   5.236834e-02   1.493683e-02
  3.938913e+00   6.391839e-02   1.486755e-02
  3.944060e+00   6.404479e-02   1.490190e-02
  3.949207e+00   6.017091e-02   1.503908e-02
  3.954353e+00   7.867460e-02   1.488354e-02
  3.959500e+00   2.862738e-02   1.499788e-02
  3.964646e+00   5.788966e-02   1.504792e-02
  3.969793e+00   5.085628e-02   1.492205e-02
  3.974939e+00   5.940864e-02   1.499730e-02
  3.980086e+00   3.791056e-02   1.502734e-02
  3.985233e+00   3.581016e-02   1.492979e-02
  3.990379e+00   7.108576e-02   1.508787e-02
  3.995526e+00   1.356492e-02   1.501625e-02
  4.000672e+00   4.956112e-02   1.500835e-02
  4.005819e+00   5.746773e-02   1.516778e-02
  4.010965e+00   4.540190e-02   1.507463e-02
  4.016112e+00   4.224967e-02   1.502217e-02
  4.021259e+00   6.575454e-02   1.515016e-02
  4.026405e+00   4.706000e-02   1.509449e-02
  4.031552e+00   5.136514e-02   1.511267e-02
  4.036698e+00   6.283633e-02   1.515524e-02
  4.041845e+00   6.025819e-02   1.514801e-02
  4.046991e+00   6.373697e-02   1.512016e-02
  4.052138e+00   6.722185e-02   1.527330e-02
  4.057285e+00   5.607329e-02   1.515227e-02
  4.062431e+00   2.905442e-02   1.508493e-02
  4.067578e+00   5.515003e-02   1.524166e-02
  4.072724e+00   5.449095e-02   1.524190e-02
  4.077871e+00   5.271462e-02   1.515122e-02
  4.083017e+00   3.882496e-02   1.526768e-02
  4.088164e+00   8.334400e-02   1.526823e-02
  4.093311e+00   6.362607e-02   1.524717e-02
  4.098457e+00   2.884102e-02   1.528286e-02
  4.103604e+00   4.713027e-02   1.523025e-02
  4.108750e+00   7.146600e-02   1.525592e-02
  4.113897e+00   4.028023e-02   1.531471e-02
  4.119043e+00   4.857416e-02   1.529255e-02
  4.124190e+00   7.305525e-02   1.527694e-02
  4.129336e+00   6.935361e-02   1.534576e-02
  4.134483e+00   4.346005e-02   1.527702e-02
  4.139630e+00   4.895763e-02   1.535169e-02
  4.144776e+00   3.312169e-02   1.534825e-02
  4.149923e+00   5.953350e-02   1.537697e-02
  4.155069e+00   7.866427e-02   1.533791e-02
  4.160216e+00   5.557864e-02   1.541102e-02
  4.165362e+00   6.139098e-02   1.537904e-02
  4.170509e+00   6.936838e-02   1.536367e-02
  4.175656e+00   5.596785e-02   1.543252e-02
  4.180802e+00   6.865122e-02   1.543718e-02
  4.185949e+00   6.575037e-02   1.554052e-02
  4.191095e+00   2.950112e-02   1.558868e-02
  4.196242e+00   6.891670e-02   1.563449e-02
  4.201388e+00   5.935981e-02   1.571595e-02
  4.206535e+00   7.803544e-02   1.581862e-02
  4.211682e+00   5.618589e-02   1.582511e-02
  4.216828e+00   5.515562e-02   1.583286e-02
  4.221975e+00   7.325076e-02   1.595615e-02
  4.227121e+00   6.771066e-02   1.597949e-02
  4.232268e+00   4.823042e-02   1.596669e-02
  4.237414e+00   5.612134e-02   1.603803e-02
  4.242561e+00   4.281697e-02   1.611405e-02
  4.247708e+00   8.176620e-02   1.616995e-02
  4.252854e+00   5.406095e-02   1.615477e-02
  4.258001e+00   2.320265e-02   1.606513e-02
  4.263147e+00   4.316891e-02   1.625108e-02
  4.268294e+00   9.047407e-02   1.632891e-02
  4.273440e+00   6.013484e-02   1.640772e-02
  4.278587e+00   5.642373e-02   1.636975e-02
  4.283734e+00   2.631038e-02   1.641307e-02
  4.288880e+00   5.727025e-02   1.644191e-02
  4.294027e+00   6.111605e-02   1.645582e-02
  4.299173e+00   5.040066e-02   1.653717e-02
  4.304320e+00   7.560546e-02   1.651267e-02
  4.309466e+00   7.243298e-02   1.650984e-02
  4.314613e+00   5.876369e-02   1.650364e-02
  4.319760e+00   7.001101e-02   1.653401e-02
  4.324906e+00   6.268560e-02   1.661291e-02
  4.330053e+00   6.073327e-02   1.656903e-02
  4.335199e+00   4.289462e-02   1.661718e-02
  4.340346e+00   4.076729e-02   1.651278e-02
  4.345492e+00   1.717896e-02   1.651964e-02
  4.350639e+00   5.303634e-02   1.659417e-02
  4.355786e+00   6.048226e-02   1.676035e-02
  4.360932e+00   4.237321e-02   1.666319e-02
  4.366079e+00   6.065934e-02   1.671571e-02
  4.371225e+00   3.025322e-02   1.674554e-02
  4.376372e+00   6.926251e-02   1.689253e-02
  4.381518e+00   2.890076e-02   1.677024e-02
  4.386665e+00   3.553893e-02   1.678717e-02
  4.391812e+00   5.607249e-02   1.677864e-02
  4.396958e+00   2.946041e-02   1.674857e-02
  4.402105e+00   4.418406e-02   1.682291e-02
  4.407251e+00   3.245570e-02   1.687134e-02
  4.412398e+00   4.032659e-02   1.686952e-02
  4.417544e+00   7.331785e-02   1.701083e-02
  4.422691e+00   8.872848e-02   1.706542e-02
  4.427838e+00   3.969193e-02   1.702297e-02
  4.432984e+00   8.360392e-02   1.709570e-02
  4.438131e+00   6.393157e-02   1.726397e-02
  4.443277e+00   6.552900e-02   1.723288e-02
  4.448424e+00   6.192058e-02   1.732207e-02
  4.453570e+00   6.526069e-02   1.731572e-02
  4.458717e+00   3.913157e-02   1.746084e-02
  4.463864e+00   7.991827e-02   1.752657e-02
  4.469010e+00   8.874029e-02   1.773457e-02
  4.474157e+00   4.961628e-02   1.754951e-02
  4.479303e+00   6.366828e-02   1.760222e-02
  4.484450e+00   6.036376e-02   1.773080e-02
  4.489596e+00   4.994163e-02   1.773724e-02
  4.494743e+00   3.831439e-02   1.776309e-02
  4.499890e+00   7.906924e-02   1.791596e-02
  4.505036e+00   6.595375e-02   1.792504e-02
  4.510183e+00   5.797846e-02   1.795922e-02
  4.515329e+00   6.496603e-02   1.812000e-02
  4.520476e+00   7.415978e-02   1.811654e-02
  4.525622e+00   4.088171e-02   1.803085e-02
  4.530769e+00   5.677024e-02   1.813783e-02
  4.535916e+00   1.623583e-02   1.813894e-02
  4.541062e+00   6.018201e-02   1.825489e-02
  4.546209e+00   7.060444e-02   1.834400e-02
  4.551355e+00   4.548589e-02   1.824148e-02
  4.556502e+00   1.225216e-02   1.829519e-02
  4.561648e+00   8.098806e-02   1.849378e-02
  4.566795e+00   2.623106e-02   1.842994e-02
  4.571942e+00   5.389323e-02   1.847202e-02
  4.577088e+00   5.808716e-02   1.852390e-02
  4.582235e+00   6.511332e-02   1.868583e-02
  4.587381e+00   3.353393e-02   1.875682e-02
  4.592528e+00   6.099676e-02   1.874587e-02
  4.597674e+00   6.872051e-02   1.898247e-02
  4.602821e+00   5.275018e-02   1.892548e-02
  4.607968e+00   7.986568e-02   1.917735e-02
  4.613114e+00   6.345424e-02   1.915824e-02
  4.618261e+00   4.004875e-02   1.907836e-02
  4.623407e+00   6.579024e-02   1.911259e-02
  4.628554e+00   6.097567e-02   1.907288e-02
  4.633700e+00   4.342409e-02   1.914554e-02
  4.638847e+00   4.441792e-02   1.915904e-02
  4.643994e+00   5.150359e-02   1.923748e-02
  4.649140e+00   6.076954e-02   1.929466e-02
  4.654287e+00   5.214113e-02   1.924788e-02
  4.659433e+00   2.877040e-02   1.931056e-02
  4.664580e+00   4.341109e-02   1.924544e-02
  4.669726e+00   4.003313e-02   1.932893e-02
  4.674873e+00   6.446045e-02   1.932124e-02
  4.680020e+00   8.273605e-02   1.944052e-02
  4.685166e+00   4.404508e-02   1.950282e-02
  4.690313e+00   4.864538e-02   1.950340e-02
  4.695459e+00   5.146761e-02   1.959463e-02
  4.700606e+00   6.818579e-02   1.978475e-02
  4.705752e+00   3.064618e-02   1.971822e-02
  4.710899e+00   5.239780e-02   1.974244e-02
  4.716046e+00   4.710609e-02   1.986614e-02
  4.721192e+00   3.094152e-02   1.986951e-02
  4.726339e+00   1.237232e-02   1.991300e-02
  4.731485e+00   4.241979e-02   2.003433e-02
  4.736632e+00   8.724138e-02   2.014752e-02
  4.741778e+00   6.494785e-02   2.024172e-02
  4.746925e+00   8.749354e-02   2.041903e-02
  4.752072e+00   3.019127e-02   2.038167e-02
  4.757218e+00   3.038848e-02   2.030777e-02
  4.762365e+00   5.826400e-02   2.048101e-02
  4.767511e+00   4.463772e-02   2.043886e-02
  4.772658e+00   6.883602e-02   2.057601e-02
  4.777804e+00   8.572411e-02   2.076641e-02
  4.782951e+00   2.912944e-02   2.071573e-02
  4.788098e+00   9.168222e-02   2.081068e-02
  4.793244e+00   7.420304e-02   2.095923e-02
  4.798391e+00   6.215850e-02   2.106976e-02
  4.803537e+00   5.347353e-02   2.093282e-02
  4.808684e+00   7.647945e-02   2.106491e-02
  4.813830e+00   9.569713e-02   2.122904e-02
  4.818977e+00   7.586045e-02   2.115093e-02
  4.824124e+00   6.230718e-02   2.128167e-02
  4.829270e+00   6.791033e-02   2.137916e-02
  4.834417e+00   7.947864e-02   2.150404e-02
  4.839563e+00   5.948175e-02   2.155263e-02
  4.844710e+00   7.093126e-02   2.164014e-02
  4.849856e+00   7.208292e-02   2.158950e-02
  4.855003e+00   3.289243e-02   2.162564e-02
  4.860150e+00   4.662389e-02   2.169436e-02
  4.865296e+00   6.229493e-02   2.183878e-02
  4.870443e+00   3.890943e-02   2.185285e-02
  4.875589e+00   7.207787e-02   2.192492e-02
  4.880736e+00   5.386588e-02   2.202310e-02
  4.885882e+00   4.603478e-02   2.206556e-02
  4.891029e+00   1.887481e-02   2.222906e-02
  4.896176e+00   8.734125e-02   2.232691e-02
  4.901322e+00   4.857431e-02   2.227473e-02
  4.906469e+00   4.653756e-02   2.233049e-02
  4.911615e+00   6.970712e-02   2.244086e-02
  4.916762e+00   8.381854e-02   2.258638e-02
  4.921908e+00   7.194322e-02   2.265687e-02
  4.927055e+00   5.054430e-02   2.264913e-02
  4.932201e+00   5.129045e-02   2.286273e-02
  4.937348e+00   6.830989e-02   2.289418e-02
  4.942495e+00   7.116549e-02   2.300394e-02
  4.947641e+00   5.293216e-02   2.289354e-02
  4.952788e+00   6.211753e-02   2.295627e-02
  4.957934e+00   5.960179e-02   2.303612e-02
  4.963081e+00   9.814178e-02   2.311207e-02
  4.968227e+00   1.613744e-02   2.291509e-02
  4.973374e+00   4.877856e-02   2.305127e-02
  4.978521e+00   3.485689e-02   2.313225e-02
  4.983667e+00   5.023210e-02   2.316803e-02
  4.988814e+00   1.822985e-02   2.341894e-02
  4.993960e+00   3.281910e-02   2.321402e-02
  4.999107e+00   1.346399e-01   2.348084e-02
  5.004253e+00   8.927265e-02   2.358731e-02
  5.009400e+00   3.309908e-02   2.379879e-02
  5.014547e+00   1.231236e-01   2.416445e-02
  5.019693e+00   5.864737e-02   2.409431e-02
  5.024840e+00   5.947325e-03   2.441531e-02
  5.029986e+00   3.396170e-02   2.459865e-02
  5.035133e+00   3.901252e-02   2.526119e-02
  5.040279e+00   1.024911e-01   2.536547e-02
  5.045426e+00   3.725188e-02   2.547035e-02
  5.050573e+00   9.101838e-02   2.581926e-02
  5.055719e+00   7.621800e-02   2.618214e-02
  5.060866e+00   8.805427e-02   2.647193e-02
  5.066012e+00   1.119064e-02   2.651487e-02
  5.071159e+00   7.335973e-02   2.717220e-02
  5.076305e+00   1.022480e-01   2.745404e-02
  5.081452e+00   8.279132e-02   2.790890e-02
  5.086599e+00   5.664423e-02   2.795765e-02
  5.091745e+00   6.197197e-02   2.886757e-02
  5.096892e+00   9.345250e-02   2.994136e-02
  5.102038e+00   5.481521e-02   3.064137e-02
  5.107185e+00   7.941795e-02   3.166250e-02
  5.112331e+00   4.175910e-02   3.222322e-02
  5.117478e+00   1.509659e-01   3.304009e-02
  5.122625e+00   5.023585e-02   3.355741e-02
  5.127771e+00   6.057310e-02   3.435873e-02
  5.132918e+00   3.664924e-02   3.540262e-02
  5.138064e+00   1.673251e-01   3.519382e-02
  5.143211e+00   1.061873e-01   3.518340e-02
  5.148357e+00   6.005769e-02   3.553899e-02
  5.153504e+00   8.747152e-02   3.570727e-02
  5.158651e+00   8.624304e-02   3.646561e-02
  5.163797e+00   1.064631e-01   4.200674e-02
  5.168944e+00   1.427889e-01   5.339588e-02
  5.174090e+00   5.557333e-02   6.078786e-02
  5.179237e+00   1.760512e-02   1.058082e-01
range-from: 28
range-to: 1000
