Sample description: 
Sample:   c= 0 mg/ml  Code: 
  1.767703e-01   6.097349e+00   3.944894e-02
  1.819169e-01   6.050051e+00   3.872741e-02
  1.870635e-01   5.994888e+00   3.802129e-02
  1.922101e-01   5.987461e+00   3.655343e-02
  1.973566e-01   5.926828e+00   3.593036e-02
  2.025032e-01   5.957847e+00   3.517850e-02
  2.076498e-01   5.939124e+00   3.451847e-02
  2.127963e-01   5.912348e+00   3.409015e-02
  2.179429e-01   5.857194e+00   3.292315e-02
  2.230895e-01   5.889852e+00   3.226620e-02
  2.282360e-01   5.824806e+00   3.190660e-02
  2.333826e-01   5.769058e+00   3.132193e-02
  2.385292e-01   5.770379e+00   3.086899e-02
  2.436758e-01   5.797067e+00   3.035401e-02
  2.488223e-01   5.755500e+00   2.980570e-02
  2.539689e-01   5.748284e+00   2.925069e-02
  2.591155e-01   5.609939e+00   2.885831e-02
  2.642620e-01   5.655613e+00   2.838704e-02
  2.694086e-01   5.623846e+00   2.788102e-02
  2.745552e-01   5.578713e+00   2.750184e-02
  2.797018e-01   5.518042e+00   2.715874e-02
  2.848483e-01   5.498906e+00   2.673650e-02
  2.899949e-01   5.525879e+00   2.683338e-02
  2.951415e-01   5.465022e+00   2.708935e-02
  3.002880e-01   5.421841e+00   2.709709e-02
  3.054346e-01   5.397049e+00   2.706927e-02
  3.105812e-01   5.340789e+00   2.689528e-02
  3.157277e-01   5.406476e+00   2.689529e-02
  3.208743e-01   5.385618e+00   2.660474e-02
  3.260209e-01   5.297180e+00   2.660814e-02
  3.311675e-01   5.283762e+00   2.644084e-02
  3.363140e-01   5.286267e+00   2.654836e-02
  3.414606e-01   5.198573e+00   2.619118e-02
  3.466072e-01   5.204568e+00   2.599198e-02
  3.517537e-01   5.168985e+00   2.581809e-02
  3.569003e-01   5.162728e+00   2.527513e-02
  3.620469e-01   5.094696e+00   2.440029e-02
  3.671934e-01   5.042076e+00   2.396706e-02
  3.723400e-01   5.032846e+00   2.386180e-02
  3.774866e-01   4.987651e+00   2.336455e-02
  3.826332e-01   4.951860e+00   2.299121e-02
  3.877797e-01   4.975360e+00   2.297730e-02
  3.929263e-01   4.899184e+00   2.248586e-02
  3.980729e-01   4.859382e+00   2.223346e-02
  4.032194e-01   4.852640e+00   2.203326e-02
  4.083660e-01   4.782462e+00   2.147982e-02
  4.135126e-01   4.758699e+00   2.137362e-02
  4.186592e-01   4.749523e+00   2.127056e-02
  4.238057e-01   4.717314e+00   2.092237e-02
  4.289523e-01   4.661909e+00   2.067298e-02
  4.340989e-01   4.632384e+00   2.054309e-02
  4.392454e-01   4.580859e+00   2.036431e-02
  4.443920e-01   4.590601e+00   2.015138e-02
  4.495386e-01   4.535372e+00   1.997208e-02
  4.546851e-01   4.502000e+00   1.964875e-02
  4.598317e-01   4.463551e+00   1.953850e-02
  4.649783e-01   4.422374e+00   1.954706e-02
  4.701249e-01   4.411617e+00   1.969774e-02
  4.752714e-01   4.368933e+00   1.967775e-02
  4.804180e-01   4.363767e+00   1.985652e-02
  4.855646e-01   4.326787e+00   1.970654e-02
  4.907111e-01   4.237372e+00   1.967696e-02
  4.958577e-01   4.230826e+00   1.969492e-02
  5.010043e-01   4.191679e+00   1.963036e-02
  5.061509e-01   4.184593e+00   1.962771e-02
  5.112974e-01   4.163175e+00   1.980763e-02
  5.164440e-01   4.112309e+00   1.943269e-02
  5.215906e-01   4.030579e+00   1.932703e-02
  5.267371e-01   4.078407e+00   1.938440e-02
  5.318837e-01   3.987112e+00   1.924561e-02
  5.370303e-01   3.945127e+00   1.854696e-02
  5.421768e-01   3.908708e+00   1.838875e-02
  5.473234e-01   3.886064e+00   1.818269e-02
  5.524700e-01   3.870632e+00   1.785490e-02
  5.576166e-01   3.838254e+00   1.779537e-02
  5.627631e-01   3.789113e+00   1.756705e-02
  5.679097e-01   3.768067e+00   1.730792e-02
  5.730563e-01   3.719314e+00   1.715713e-02
  5.782028e-01   3.688899e+00   1.706592e-02
  5.833494e-01   3.666895e+00   1.675375e-02
  5.884960e-01   3.648059e+00   1.672217e-02
  5.936426e-01   3.613959e+00   1.674442e-02
  5.987891e-01   3.533052e+00   1.630616e-02
  6.039357e-01   3.524053e+00   1.629870e-02
  6.090823e-01   3.494420e+00   1.621340e-02
  6.142288e-01   3.457722e+00   1.595072e-02
  6.193754e-01   3.398405e+00   1.583400e-02
  6.245220e-01   3.368457e+00   1.575503e-02
  6.296685e-01   3.352608e+00   1.560054e-02
  6.348151e-01   3.309724e+00   1.555314e-02
  6.399617e-01   3.281935e+00   1.545318e-02
  6.451083e-01   3.281027e+00   1.527267e-02
  6.502548e-01   3.205110e+00   1.511106e-02
  6.554014e-01   3.202960e+00   1.506931e-02
  6.605480e-01   3.158467e+00   1.501207e-02
  6.656945e-01   3.117776e+00   1.516072e-02
  6.708411e-01   3.092476e+00   1.530946e-02
  6.759877e-01   3.056145e+00   1.518334e-02
  6.811343e-01   3.029684e+00   1.516009e-02
  6.862808e-01   2.987569e+00   1.512825e-02
  6.914274e-01   2.956221e+00   1.472732e-02
  6.965740e-01   2.944265e+00   1.454272e-02
  7.017205e-01   2.895705e+00   1.447827e-02
  7.068671e-01   2.878525e+00   1.429178e-02
  7.120137e-01   2.843022e+00   1.412651e-02
  7.171602e-01   2.817819e+00   1.412478e-02
  7.223068e-01   2.791623e+00   1.391964e-02
  7.274534e-01   2.732290e+00   1.374441e-02
  7.326000e-01   2.737980e+00   1.375625e-02
  7.377465e-01   2.692595e+00   1.351187e-02
  7.428931e-01   2.682158e+00   1.341887e-02
  7.480397e-01   2.630419e+00   1.336078e-02
  7.531862e-01   2.601636e+00   1.319882e-02
  7.583328e-01   2.590645e+00   1.317726e-02
  7.634794e-01   2.548067e+00   1.319411e-02
  7.686259e-01   2.515808e+00   1.301966e-02
  7.737725e-01   2.494586e+00   1.291586e-02
  7.789191e-01   2.444814e+00   1.290957e-02
  7.840657e-01   2.439099e+00   1.271988e-02
  7.892122e-01   2.419226e+00   1.267125e-02
  7.943588e-01   2.392527e+00   1.265403e-02
  7.995054e-01   2.372314e+00   1.253612e-02
  8.046519e-01   2.345242e+00   1.246209e-02
  8.097985e-01   2.301513e+00   1.240594e-02
  8.149451e-01   2.282363e+00   1.220132e-02
  8.200917e-01   2.235420e+00   1.216132e-02
  8.252382e-01   2.240535e+00   1.215046e-02
  8.303848e-01   2.186035e+00   1.194697e-02
  8.355314e-01   2.167455e+00   1.189635e-02
  8.406779e-01   2.135875e+00   1.184429e-02
  8.458245e-01   2.101754e+00   1.175637e-02
  8.509711e-01   2.075612e+00   1.169919e-02
  8.561176e-01   2.068362e+00   1.167342e-02
  8.612642e-01   2.068042e+00   1.160604e-02
  8.664108e-01   2.024013e+00   1.152087e-02
  8.715574e-01   2.001027e+00   1.152821e-02
  8.767039e-01   1.980955e+00   1.139786e-02
  8.818505e-01   1.946461e+00   1.133470e-02
  8.869971e-01   1.918289e+00   1.123445e-02
  8.921436e-01   1.901941e+00   1.127644e-02
  8.972902e-01   1.886412e+00   1.109535e-02
  9.024368e-01   1.875062e+00   1.115046e-02
  9.075834e-01   1.830837e+00   1.104457e-02
  9.127299e-01   1.817055e+00   1.091665e-02
  9.178765e-01   1.801404e+00   1.096145e-02
  9.230231e-01   1.769875e+00   1.110645e-02
  9.281696e-01   1.774026e+00   1.098665e-02
  9.333162e-01   1.734312e+00   1.104881e-02
  9.384628e-01   1.714830e+00   1.102841e-02
  9.436093e-01   1.671770e+00   1.087057e-02
  9.487559e-01   1.659748e+00   1.094851e-02
  9.539025e-01   1.639399e+00   1.095595e-02
  9.590491e-01   1.620571e+00   1.081345e-02
  9.641956e-01   1.593571e+00   1.084802e-02
  9.693422e-01   1.584936e+00   1.085026e-02
  9.744888e-01   1.568048e+00   1.076064e-02
  9.796353e-01   1.530849e+00   1.073780e-02
  9.847819e-01   1.513831e+00   1.073618e-02
  9.899285e-01   1.493310e+00   1.063752e-02
  9.950751e-01   1.493041e+00   1.069435e-02
  1.000222e+00   1.448284e+00   1.064066e-02
  1.005368e+00   1.437153e+00   1.062275e-02
  1.010515e+00   1.450453e+00   1.074817e-02
  1.015661e+00   1.388440e+00   1.075360e-02
  1.020808e+00   1.380215e+00   1.071612e-02
  1.025954e+00   1.354813e+00   1.072665e-02
  1.031101e+00   1.345360e+00   1.072087e-02
  1.036248e+00   1.333429e+00   1.071996e-02
  1.041394e+00   1.293928e+00   1.069419e-02
  1.046541e+00   1.308843e+00   1.071748e-02
  1.051687e+00   1.286656e+00   1.061550e-02
  1.056834e+00   1.265837e+00   1.060769e-02
  1.061980e+00   1.257552e+00   1.060129e-02
  1.067127e+00   1.223506e+00   1.053519e-02
  1.072274e+00   1.218381e+00   1.044332e-02
  1.077420e+00   1.198586e+00   1.049167e-02
  1.082567e+00   1.189079e+00   1.041206e-02
  1.087713e+00   1.178213e+00   1.038250e-02
  1.092860e+00   1.133010e+00   1.035506e-02
  1.098006e+00   1.128074e+00   1.028414e-02
  1.103153e+00   1.105756e+00   1.026903e-02
  1.108300e+00   1.092838e+00   1.026781e-02
  1.113446e+00   1.086823e+00   1.033914e-02
  1.118593e+00   1.059704e+00   1.031627e-02
  1.123739e+00   1.047244e+00   1.040809e-02
  1.128886e+00   1.030474e+00   1.033257e-02
  1.134032e+00   1.030043e+00   1.032053e-02
  1.139179e+00   9.998258e-01   1.031093e-02
  1.144326e+00   1.014855e+00   1.027827e-02
  1.149472e+00   9.923477e-01   1.033990e-02
  1.154619e+00   9.799965e-01   1.023891e-02
  1.159765e+00   9.581649e-01   1.024070e-02
  1.164912e+00   9.427058e-01   1.016603e-02
  1.170058e+00   9.182295e-01   1.014984e-02
  1.175205e+00   9.081244e-01   1.007138e-02
  1.180352e+00   8.817804e-01   9.957086e-03
  1.185498e+00   8.729242e-01   9.941047e-03
  1.190645e+00   8.684052e-01   9.869403e-03
  1.195791e+00   8.612882e-01   9.806323e-03
  1.200938e+00   8.449792e-01   9.766913e-03
  1.206084e+00   8.373105e-01   9.681143e-03
  1.211231e+00   8.146222e-01   9.609063e-03
  1.216378e+00   7.959821e-01   9.603495e-03
  1.221524e+00   7.819832e-01   9.519959e-03
  1.226671e+00   7.761592e-01   9.564811e-03
  1.231817e+00   7.784936e-01   9.778288e-03
  1.236964e+00   7.727784e-01   9.707318e-03
  1.242110e+00   7.487958e-01   9.668399e-03
  1.247257e+00   7.508260e-01   9.745986e-03
  1.252404e+00   7.399362e-01   9.687414e-03
  1.257550e+00   7.400464e-01   9.698773e-03
  1.262697e+00   7.079843e-01   9.663416e-03
  1.267843e+00   7.154433e-01   9.662603e-03
  1.272990e+00   7.101639e-01   9.634532e-03
  1.278136e+00   6.951748e-01   9.738709e-03
  1.283283e+00   6.603890e-01   9.551972e-03
  1.288430e+00   6.436770e-01   9.636438e-03
  1.293576e+00   6.535039e-01   9.835662e-03
  1.298723e+00   6.278468e-01   9.812267e-03
  1.303869e+00   6.195131e-01   9.890769e-03
  1.309016e+00   6.243808e-01   9.990355e-03
  1.314162e+00   5.933439e-01   9.949127e-03
  1.319309e+00   6.228581e-01   1.008729e-02
  1.324456e+00   5.914801e-01   1.003349e-02
  1.329602e+00   5.744936e-01   9.943807e-03
  1.334749e+00   5.602804e-01   1.007459e-02
  1.339895e+00   5.576935e-01   1.003902e-02
  1.345042e+00   5.589925e-01   1.004911e-02
  1.350188e+00   5.391738e-01   1.009182e-02
  1.355335e+00   5.411334e-01   1.005042e-02
  1.360482e+00   5.186038e-01   9.869902e-03
  1.365628e+00   5.163060e-01   9.741423e-03
  1.370775e+00   5.046093e-01   9.755682e-03
  1.375921e+00   4.912107e-01   9.672959e-03
  1.381068e+00   4.966625e-01   9.586817e-03
  1.386214e+00   4.846585e-01   9.641747e-03
  1.391361e+00   4.899270e-01   9.510131e-03
  1.396508e+00   4.764232e-01   9.508373e-03
  1.401654e+00   4.614537e-01   9.501378e-03
  1.406801e+00   4.591629e-01   9.539516e-03
  1.411947e+00   4.552380e-01   9.395088e-03
  1.417094e+00   4.464035e-01   9.456766e-03
  1.422240e+00   4.297394e-01   9.342280e-03
  1.427387e+00   4.285341e-01   9.319731e-03
  1.432534e+00   4.189750e-01   9.341991e-03
  1.437680e+00   4.094594e-01   9.284547e-03
  1.442827e+00   4.145872e-01   9.225011e-03
  1.447973e+00   4.212388e-01   9.345832e-03
  1.453120e+00   3.931698e-01   9.219338e-03
  1.458266e+00   3.927751e-01   9.155526e-03
  1.463413e+00   3.938315e-01   9.207770e-03
  1.468560e+00   3.780023e-01   9.099368e-03
  1.473706e+00   3.708844e-01   9.081460e-03
  1.478853e+00   3.668871e-01   9.125594e-03
  1.483999e+00   3.638537e-01   9.083510e-03
  1.489146e+00   3.546177e-01   9.046544e-03
  1.494292e+00   3.617905e-01   9.062282e-03
  1.499439e+00   3.528197e-01   9.026231e-03
  1.504586e+00   3.403487e-01   8.957034e-03
  1.509732e+00   3.278485e-01   9.003737e-03
  1.514879e+00   3.180692e-01   8.945572e-03
  1.520025e+00   3.197276e-01   8.912689e-03
  1.525172e+00   3.130733e-01   8.975930e-03
  1.530318e+00   3.071392e-01   8.883263e-03
  1.535465e+00   2.974501e-01   8.910523e-03
  1.540612e+00   3.143826e-01   8.912820e-03
  1.545758e+00   3.132731e-01   8.888129e-03
  1.550905e+00   2.909820e-01   8.857026e-03
  1.556051e+00   2.905412e-01   8.834387e-03
  1.561198e+00   2.693588e-01   8.787580e-03
  1.566344e+00   2.702269e-01   8.768160e-03
  1.571491e+00   2.834305e-01   8.801240e-03
  1.576638e+00   2.613513e-01   8.810976e-03
  1.581784e+00   2.595940e-01   8.714469e-03
  1.586931e+00   2.633194e-01   8.754250e-03
  1.592077e+00   2.505791e-01   8.738571e-03
  1.597224e+00   2.475357e-01   8.685204e-03
  1.602370e+00   2.339203e-01   8.664633e-03
  1.607517e+00   2.383126e-01   8.703023e-03
  1.612664e+00   2.324129e-01   8.631521e-03
  1.617810e+00   2.261925e-01   8.647951e-03
  1.622957e+00   2.046862e-01   8.590127e-03
  1.628103e+00   2.261191e-01   8.579907e-03
  1.633250e+00   2.195004e-01   8.607336e-03
  1.638396e+00   2.167608e-01   8.598281e-03
  1.643543e+00   2.066715e-01   8.515731e-03
  1.648690e+00   1.987287e-01   8.536901e-03
  1.653836e+00   2.051963e-01   8.553667e-03
  1.658983e+00   2.142571e-01   8.497496e-03
  1.664129e+00   1.733360e-01   8.557537e-03
  1.669276e+00   2.022784e-01   8.544648e-03
  1.674422e+00   1.904526e-01   8.454616e-03
  1.679569e+00   1.868817e-01   8.493494e-03
  1.684716e+00   1.903601e-01   8.521491e-03
  1.689862e+00   1.872876e-01   8.425572e-03
  1.695009e+00   1.732054e-01   8.449918e-03
  1.700155e+00   1.712774e-01   8.463114e-03
  1.705302e+00   1.683123e-01   8.400253e-03
  1.710448e+00   1.691237e-01   8.438930e-03
  1.715595e+00   1.636344e-01   8.402061e-03
  1.720741e+00   1.587676e-01   8.345644e-03
  1.725888e+00   1.691163e-01   8.386587e-03
  1.731035e+00   1.585476e-01   8.375372e-03
  1.736181e+00   1.420870e-01   8.286684e-03
  1.741328e+00   1.410316e-01   8.305844e-03
  1.746474e+00   1.536258e-01   8.352506e-03
  1.751621e+00   1.621635e-01   8.321573e-03
  1.756767e+00   1.444576e-01   8.207649e-03
  1.761914e+00   1.451695e-01   8.275033e-03
  1.767061e+00   1.293376e-01   8.174640e-03
  1.772207e+00   1.363593e-01   8.200599e-03
  1.777354e+00   1.286313e-01   8.232313e-03
  1.782500e+00   1.349157e-01   8.207317e-03
  1.787647e+00   1.339061e-01   8.156339e-03
  1.792793e+00   1.245521e-01   8.231584e-03
  1.797940e+00   1.273391e-01   8.142961e-03
  1.803087e+00   1.037222e-01   8.124741e-03
  1.808233e+00   1.185997e-01   8.163831e-03
  1.813380e+00   1.207596e-01   8.137900e-03
  1.818526e+00   1.108816e-01   8.052529e-03
  1.823673e+00   1.124071e-01   8.155058e-03
  1.828819e+00   1.140891e-01   8.102002e-03
  1.833966e+00   1.093355e-01   8.098832e-03
  1.839113e+00   1.071441e-01   8.108123e-03
  1.844259e+00   1.017742e-01   8.092781e-03
  1.849406e+00   1.113858e-01   8.022985e-03
  1.854552e+00   1.117553e-01   8.121710e-03
  1.859699e+00   1.015043e-01   8.059239e-03
  1.864845e+00   1.024397e-01   8.063697e-03
  1.869992e+00   9.739381e-02   8.082487e-03
  1.875139e+00   9.834501e-02   8.049881e-03
  1.880285e+00   9.077806e-02   8.025205e-03
  1.885432e+00   9.882626e-02   8.074522e-03
  1.890578e+00   9.866948e-02   8.030933e-03
  1.895725e+00   9.028151e-02   7.994841e-03
  1.900871e+00   8.291354e-02   8.063245e-03
  1.906018e+00   8.501764e-02   8.008692e-03
  1.911165e+00   9.883369e-02   8.014298e-03
  1.916311e+00   8.367411e-02   8.036047e-03
  1.921458e+00   7.547990e-02   7.997130e-03
  1.926604e+00   9.353206e-02   8.009741e-03
  1.931751e+00   1.013197e-01   8.047045e-03
  1.936897e+00   9.848396e-02   7.989067e-03
  1.942044e+00   9.625598e-02   7.955815e-03
  1.947191e+00   6.854742e-02   7.987457e-03
  1.952337e+00   8.364982e-02   7.980769e-03
  1.957484e+00   8.158363e-02   7.937694e-03
  1.962630e+00   8.582018e-02   8.029944e-03
  1.967777e+00   7.913239e-02   7.981851e-03
  1.972923e+00   7.106549e-02   7.920537e-03
  1.978070e+00   7.542979e-02   7.966349e-03
  1.983217e+00   8.230507e-02   7.946894e-03
  1.988363e+00   7.991678e-02   7.931154e-03
  1.993510e+00   7.211546e-02   7.951229e-03
  1.998656e+00   6.100784e-02   7.933750e-03
  2.003803e+00   7.329264e-02   7.924241e-03
  2.008949e+00   6.800375e-02   7.952349e-03
  2.014096e+00   6.047728e-02   7.907066e-03
  2.019243e+00   7.594075e-02   7.906148e-03
  2.024389e+00   7.063420e-02   7.917959e-03
  2.029536e+00   6.664963e-02   7.903190e-03
  2.034682e+00   7.787271e-02   7.896121e-03
  2.039829e+00   6.426125e-02   7.925523e-03
  2.044975e+00   5.861079e-02   7.881147e-03
  2.050122e+00   5.677029e-02   7.874508e-03
  2.055269e+00   7.310462e-02   7.918845e-03
  2.060415e+00   5.241343e-02   7.877176e-03
  2.065562e+00   4.887848e-02   7.813249e-03
  2.070708e+00   6.545605e-02   7.886677e-03
  2.075855e+00   6.793711e-02   7.863661e-03
  2.081001e+00   6.029745e-02   7.835548e-03
  2.086148e+00   5.926341e-02   7.871147e-03
  2.091295e+00   5.903764e-02   7.854685e-03
  2.096441e+00   5.238757e-02   7.849107e-03
  2.101588e+00   5.418057e-02   7.822316e-03
  2.106734e+00   6.884707e-02   7.863705e-03
  2.111881e+00   4.532013e-02   7.968482e-03
  2.117027e+00   5.810517e-02   8.098321e-03
  2.122174e+00   5.536498e-02   8.118691e-03
  2.127321e+00   6.851795e-02   8.212442e-03
  2.132467e+00   5.687235e-02   8.291393e-03
  2.137614e+00   5.390520e-02   8.290033e-03
  2.142760e+00   4.692897e-02   8.328743e-03
  2.147907e+00   5.183835e-02   8.368783e-03
  2.153053e+00   5.210246e-02   8.415180e-03
  2.158200e+00   4.655104e-02   8.412841e-03
  2.163347e+00   4.518489e-02   8.507119e-03
  2.168493e+00   5.352434e-02   8.494492e-03
  2.173640e+00   6.129244e-02   8.489956e-03
  2.178786e+00   5.242939e-02   8.378680e-03
  2.183933e+00   5.020082e-02   8.325988e-03
  2.189079e+00   4.704949e-02   8.215813e-03
  2.194226e+00   6.388842e-02   8.156906e-03
  2.199373e+00   5.713514e-02   8.144475e-03
  2.204519e+00   5.723464e-02   8.127606e-03
  2.209666e+00   6.446909e-02   8.129882e-03
  2.214812e+00   5.318274e-02   8.104462e-03
  2.219959e+00   6.244126e-02   8.023681e-03
  2.225105e+00   6.566661e-02   8.067431e-03
  2.230252e+00   4.726439e-02   8.055946e-03
  2.235399e+00   5.154068e-02   7.960566e-03
  2.240545e+00   3.252803e-02   7.950354e-03
  2.245692e+00   6.340093e-02   8.023695e-03
  2.250838e+00   5.457874e-02   7.941523e-03
  2.255985e+00   3.957884e-02   7.931993e-03
  2.261131e+00   6.529472e-02   7.999050e-03
  2.266278e+00   6.716573e-02   7.937261e-03
  2.271425e+00   4.788596e-02   7.964727e-03
  2.276571e+00   3.616017e-02   7.939209e-03
  2.281718e+00   5.044496e-02   7.906519e-03
  2.286864e+00   5.844083e-02   7.933027e-03
  2.292011e+00   4.371280e-02   7.932733e-03
  2.297157e+00   5.757854e-02   7.854242e-03
  2.302304e+00   4.747664e-02   7.876055e-03
  2.307451e+00   4.769741e-02   7.935753e-03
  2.312597e+00   5.931406e-02   7.884468e-03
  2.317744e+00   4.715184e-02   7.833887e-03
  2.322890e+00   5.646102e-02   7.900259e-03
  2.328037e+00   4.884973e-02   7.821583e-03
  2.333183e+00   6.650520e-02   7.865925e-03
  2.338330e+00   4.491512e-02   7.868097e-03
  2.343477e+00   5.815910e-02   7.840020e-03
  2.348623e+00   5.464239e-02   7.794758e-03
  2.353770e+00   5.658228e-02   7.872544e-03
  2.358916e+00   5.692660e-02   7.837656e-03
  2.364063e+00   5.050843e-02   7.787005e-03
  2.369209e+00   6.359337e-02   7.835660e-03
  2.374356e+00   5.608996e-02   7.835754e-03
  2.379503e+00   5.006846e-02   7.763765e-03
  2.384649e+00   6.364496e-02   7.834969e-03
  2.389796e+00   5.744236e-02   7.780991e-03
  2.394942e+00   7.010673e-02   7.764224e-03
  2.400089e+00   7.334850e-02   7.846528e-03
  2.405235e+00   5.907066e-02   7.786555e-03
  2.410382e+00   6.403146e-02   7.751453e-03
  2.415529e+00   6.840129e-02   7.801787e-03
  2.420675e+00   5.541974e-02   7.748791e-03
  2.425822e+00   7.324693e-02   7.741536e-03
  2.430968e+00   7.107444e-02   7.792341e-03
  2.436115e+00   5.524476e-02   7.758509e-03
  2.441261e+00   6.522461e-02   7.703728e-03
  2.446408e+00   5.594576e-02   7.759153e-03
  2.451555e+00   5.762745e-02   7.690303e-03
  2.456701e+00   6.802282e-02   7.667495e-03
  2.461848e+00   8.874720e-02   7.758754e-03
  2.466994e+00   5.440123e-02   7.652322e-03
  2.472141e+00   7.446247e-02   7.658531e-03
  2.477287e+00   6.681121e-02   7.691767e-03
  2.482434e+00   6.087268e-02   7.652440e-03
  2.487581e+00   6.810622e-02   7.606418e-03
  2.492727e+00   6.390165e-02   7.687699e-03
  2.497874e+00   6.372818e-02   7.580729e-03
  2.503020e+00   6.100646e-02   7.578387e-03
  2.508167e+00   5.318477e-02   7.589514e-03
  2.513313e+00   5.739581e-02   7.607673e-03
  2.518460e+00   4.564695e-02   7.542072e-03
  2.523606e+00   7.455110e-02   7.649564e-03
  2.528753e+00   6.075327e-02   7.566470e-03
  2.533900e+00   5.507063e-02   7.564137e-03
  2.539046e+00   5.831410e-02   7.575292e-03
  2.544193e+00   6.502922e-02   7.578223e-03
  2.549339e+00   7.071449e-02   7.550387e-03
  2.554486e+00   7.215571e-02   7.608293e-03
  2.559632e+00   6.465766e-02   7.548917e-03
  2.564779e+00   6.211761e-02   7.514924e-03
  2.569926e+00   7.475152e-02   7.610528e-03
  2.575072e+00   7.611306e-02   7.743480e-03
  2.580219e+00   6.247198e-02   7.763304e-03
  2.585365e+00   7.362904e-02   7.877199e-03
  2.590512e+00   7.368929e-02   7.929467e-03
  2.595658e+00   6.708539e-02   7.903225e-03
  2.600805e+00   6.668842e-02   7.836046e-03
  2.605952e+00   6.349379e-02   7.742948e-03
  2.611098e+00   6.810312e-02   7.694495e-03
  2.616245e+00   7.312383e-02   7.743682e-03
  2.621391e+00   8.005999e-02   7.705289e-03
  2.626538e+00   6.133594e-02   7.619850e-03
  2.631684e+00   6.780843e-02   7.650178e-03
  2.636831e+00   6.954183e-02   7.618581e-03
  2.641978e+00   6.649045e-02   7.573456e-03
  2.647124e+00   8.523537e-02   7.706658e-03
  2.652271e+00   6.847804e-02   7.636775e-03
  2.657417e+00   7.698043e-02   7.601384e-03
  2.662564e+00   5.772347e-02   7.631117e-03
  2.667710e+00   7.528092e-02   7.644676e-03
  2.672857e+00   6.730611e-02   7.583493e-03
  2.678004e+00   7.006834e-02   7.601828e-03
  2.683150e+00   7.902687e-02   7.603169e-03
  2.688297e+00   6.777477e-02   7.549134e-03
  2.693443e+00   6.468636e-02   7.589448e-03
  2.698590e+00   7.298541e-02   7.591105e-03
  2.703736e+00   8.234924e-02   7.565651e-03
  2.708883e+00   7.471076e-02   7.602100e-03
  2.714030e+00   7.175821e-02   7.546622e-03
  2.719176e+00   7.636672e-02   7.520186e-03
  2.724323e+00   8.257863e-02   7.577826e-03
  2.729469e+00   8.935238e-02   7.552347e-03
  2.734616e+00   7.592425e-02   7.521518e-03
  2.739762e+00   7.417571e-02   7.539391e-03
  2.744909e+00   8.298972e-02   7.556701e-03
  2.750056e+00   8.248573e-02   7.487448e-03
  2.755202e+00   7.312578e-02   7.546147e-03
  2.760349e+00   7.558271e-02   7.486416e-03
  2.765495e+00   8.172053e-02   7.490936e-03
  2.770642e+00   7.893084e-02   7.508270e-03
  2.775788e+00   8.812796e-02   7.511805e-03
  2.780935e+00   6.961338e-02   7.450599e-03
  2.786082e+00   7.043513e-02   7.510209e-03
  2.791228e+00   7.157829e-02   7.488589e-03
  2.796375e+00   7.067147e-02   7.498612e-03
  2.801521e+00   6.762511e-02   7.476191e-03
  2.806668e+00   7.705599e-02   7.456315e-03
  2.811814e+00   8.797405e-02   7.438792e-03
  2.816961e+00   6.895014e-02   7.563132e-03
  2.822108e+00   7.230816e-02   7.610889e-03
  2.827254e+00   8.992119e-02   7.666996e-03
  2.832401e+00   7.526458e-02   7.679146e-03
  2.837547e+00   6.769198e-02   7.704782e-03
  2.842694e+00   9.012033e-02   7.703357e-03
  2.847840e+00   8.350604e-02   7.695388e-03
  2.852987e+00   7.086000e-02   7.689666e-03
  2.858134e+00   8.074756e-02   7.648766e-03
  2.863280e+00   6.838250e-02   7.660529e-03
  2.868427e+00   8.544555e-02   7.683408e-03
  2.873573e+00   7.734294e-02   7.648468e-03
  2.878720e+00   7.720114e-02   7.651691e-03
  2.883866e+00   7.586837e-02   7.672598e-03
  2.889013e+00   8.212544e-02   7.631539e-03
  2.894160e+00   7.516624e-02   7.628749e-03
  2.899306e+00   8.324146e-02   7.624365e-03
  2.904453e+00   9.695769e-02   7.598130e-03
  2.909599e+00   8.333879e-02   7.622738e-03
  2.914746e+00   7.807365e-02   7.639470e-03
  2.919892e+00   8.585779e-02   7.606310e-03
  2.925039e+00   7.154542e-02   7.644678e-03
  2.930186e+00   9.203417e-02   7.775498e-03
  2.935332e+00   6.926798e-02   7.856301e-03
  2.940479e+00   7.193079e-02   7.986196e-03
  2.945625e+00   7.331687e-02   8.043856e-03
  2.950772e+00   7.593668e-02   8.097972e-03
  2.955918e+00   7.936825e-02   8.154077e-03
  2.961065e+00   7.297877e-02   8.181968e-03
  2.966212e+00   8.249378e-02   8.260618e-03
  2.971358e+00   8.266814e-02   8.311542e-03
  2.976505e+00   9.081030e-02   8.343554e-03
  2.981651e+00   7.136136e-02   8.349164e-03
  2.986798e+00   8.141681e-02   8.478850e-03
  2.991944e+00   7.016175e-02   8.452855e-03
  2.997091e+00   6.890455e-02   8.265890e-03
  3.002238e+00   5.740298e-02   8.212545e-03
  3.007384e+00   7.096673e-02   8.149720e-03
  3.012531e+00   5.796144e-02   8.068987e-03
  3.017677e+00   8.276656e-02   8.090117e-03
  3.022824e+00   9.110271e-02   8.097011e-03
  3.027970e+00   7.952505e-02   8.014273e-03
  3.033117e+00   7.559225e-02   8.029131e-03
  3.038264e+00   7.497011e-02   8.061475e-03
  3.043410e+00   7.198859e-02   7.976917e-03
  3.048557e+00   7.610456e-02   8.016859e-03
  3.053703e+00   7.640054e-02   8.033393e-03
  3.058850e+00   6.975025e-02   8.032454e-03
  3.063996e+00   7.912245e-02   8.034248e-03
  3.069143e+00   6.743359e-02   8.031465e-03
  3.074290e+00   6.949631e-02   7.961864e-03
  3.079436e+00   7.349464e-02   8.012977e-03
  3.084583e+00   8.647018e-02   8.032938e-03
  3.089729e+00   7.796552e-02   7.974884e-03
  3.094876e+00   5.990107e-02   7.966720e-03
  3.100022e+00   7.349020e-02   7.978769e-03
  3.105169e+00   8.424388e-02   7.969688e-03
  3.110316e+00   6.298349e-02   7.961437e-03
  3.115462e+00   6.951396e-02   7.941994e-03
  3.120609e+00   7.353601e-02   7.873829e-03
  3.125755e+00   7.748785e-02   7.892296e-03
  3.130902e+00   9.083147e-02   7.958624e-03
  3.136048e+00   7.235989e-02   7.814144e-03
  3.141195e+00   6.333202e-02   7.872449e-03
  3.146342e+00   6.478952e-02   7.831622e-03
  3.151488e+00   7.721130e-02   7.787012e-03
  3.156635e+00   8.199356e-02   7.829119e-03
  3.161781e+00   5.539182e-02   7.832755e-03
  3.166928e+00   6.927113e-02   7.757877e-03
  3.172074e+00   7.440759e-02   7.799615e-03
  3.177221e+00   7.798736e-02   7.834095e-03
  3.182368e+00   7.580933e-02   7.784481e-03
  3.187514e+00   7.499750e-02   7.784862e-03
  3.192661e+00   6.058191e-02   7.820630e-03
  3.197807e+00   7.120253e-02   7.737056e-03
  3.202954e+00   7.124766e-02   7.787114e-03
  3.208100e+00   6.068124e-02   7.802418e-03
  3.213247e+00   7.634140e-02   7.738535e-03
  3.218394e+00   6.098644e-02   7.768693e-03
  3.223540e+00   6.601390e-02   7.802417e-03
  3.228687e+00   6.221079e-02   7.707344e-03
  3.233833e+00   6.860297e-02   7.743063e-03
  3.238980e+00   7.898890e-02   7.841150e-03
  3.244126e+00   8.917003e-02   7.739027e-03
  3.249273e+00   8.014090e-02   7.716063e-03
  3.254420e+00   6.250864e-02   7.785725e-03
  3.259566e+00   5.719094e-02   7.679750e-03
  3.264713e+00   8.299620e-02   7.746083e-03
  3.269859e+00   6.523563e-02   7.773143e-03
  3.275006e+00   6.085741e-02   7.678408e-03
  3.280152e+00   7.634519e-02   7.719327e-03
  3.285299e+00   5.536100e-02   7.779553e-03
  3.290446e+00   7.128029e-02   7.680424e-03
  3.295592e+00   6.771364e-02   7.710376e-03
  3.300739e+00   7.269570e-02   7.759910e-03
  3.305885e+00   6.751237e-02   7.674070e-03
  3.311032e+00   7.088556e-02   7.709136e-03
  3.316178e+00   5.580720e-02   7.743640e-03
  3.321325e+00   6.334334e-02   7.666259e-03
  3.326471e+00   6.244974e-02   7.691847e-03
  3.331618e+00   6.666329e-02   7.723953e-03
  3.336765e+00   7.159705e-02   7.644792e-03
  3.341911e+00   7.023942e-02   7.670183e-03
  3.347058e+00   6.677438e-02   7.691510e-03
  3.352204e+00   4.316212e-02   7.605163e-03
  3.357351e+00   6.508262e-02   7.648408e-03
  3.362497e+00   6.970092e-02   7.716459e-03
  3.367644e+00   6.653135e-02   7.601569e-03
  3.372791e+00   6.130873e-02   7.680762e-03
  3.377937e+00   5.780378e-02   7.672301e-03
  3.383084e+00   5.289192e-02   7.640125e-03
  3.388230e+00   5.939260e-02   7.644279e-03
  3.393377e+00   6.192866e-02   7.687840e-03
  3.398523e+00   7.088963e-02   7.636294e-03
  3.403670e+00   5.826104e-02   7.632218e-03
  3.408817e+00   6.589289e-02   7.708596e-03
  3.413963e+00   5.980672e-02   7.642705e-03
  3.419110e+00   7.022010e-02   7.645795e-03
  3.424256e+00   5.392748e-02   7.670215e-03
  3.429403e+00   5.839461e-02   7.584683e-03
  3.434549e+00   6.714874e-02   7.648947e-03
  3.439696e+00   6.683587e-02   7.665752e-03
  3.444843e+00   5.536203e-02   7.618976e-03
  3.449989e+00   6.275894e-02   7.605390e-03
  3.455136e+00   6.866542e-02   7.670844e-03
  3.460282e+00   6.206768e-02   7.619421e-03
  3.465429e+00   6.130856e-02   7.629545e-03
  3.470575e+00   6.077069e-02   7.634334e-03
  3.475722e+00   7.644885e-02   7.620268e-03
  3.480869e+00   5.548846e-02   7.583573e-03
  3.486015e+00   6.709801e-02   7.669275e-03
  3.491162e+00   5.170224e-02   7.555475e-03
  3.496308e+00   6.270525e-02   7.597216e-03
  3.501455e+00   6.370746e-02   7.640527e-03
  3.506601e+00   5.379817e-02   7.605460e-03
  3.511748e+00   4.628659e-02   7.569288e-03
  3.516895e+00   5.900687e-02   7.633358e-03
  3.522041e+00   5.561424e-02   7.559287e-03
  3.527188e+00   4.762212e-02   7.568463e-03
  3.532334e+00   5.090722e-02   7.612204e-03
  3.537481e+00   5.906833e-02   7.611555e-03
  3.542627e+00   6.972828e-02   7.596472e-03
  3.547774e+00   3.965401e-02   7.626640e-03
  3.552921e+00   6.260435e-02   7.597806e-03
  3.558067e+00   6.770913e-02   7.605390e-03
  3.563214e+00   6.670902e-02   7.631579e-03
  3.568360e+00   6.025998e-02   7.591169e-03
  3.573507e+00   5.365530e-02   7.564440e-03
  3.578653e+00   5.591840e-02   7.627824e-03
  3.583800e+00   4.592983e-02   7.574730e-03
  3.588947e+00   5.033540e-02   7.595002e-03
  3.594093e+00   5.806170e-02   7.625849e-03
  3.599240e+00   6.477476e-02   7.615880e-03
  3.604386e+00   5.547029e-02   7.557721e-03
  3.609533e+00   5.382158e-02   7.654040e-03
  3.614679e+00   5.916654e-02   7.573658e-03
  3.619826e+00   5.339148e-02   7.621151e-03
  3.624973e+00   5.151590e-02   7.618321e-03
  3.630119e+00   6.107381e-02   7.601177e-03
  3.635266e+00   4.623428e-02   7.582154e-03
  3.640412e+00   6.453896e-02   7.681849e-03
  3.645559e+00   5.117205e-02   7.581923e-03
  3.650705e+00   5.826677e-02   7.591322e-03
  3.655852e+00   5.345333e-02   7.607419e-03
  3.660999e+00   6.720128e-02   7.598399e-03
  3.666145e+00   5.164133e-02   7.576779e-03
  3.671292e+00   6.353281e-02   7.668332e-03
  3.676438e+00   4.345270e-02   7.552922e-03
  3.681585e+00   5.674617e-02   7.596814e-03
  3.686731e+00   6.100432e-02   7.639433e-03
  3.691878e+00   6.312266e-02   7.603517e-03
  3.697025e+00   4.166495e-02   7.545336e-03
  3.702171e+00   5.482334e-02   7.642101e-03
  3.707318e+00   5.883316e-02   7.574202e-03
  3.712464e+00   3.604703e-02   7.562835e-03
  3.717611e+00   5.448536e-02   7.637496e-03
  3.722757e+00   5.788698e-02   7.574777e-03
  3.727904e+00   4.475129e-02   7.572118e-03
  3.733051e+00   4.488939e-02   7.672017e-03
  3.738197e+00   4.774280e-02   7.547403e-03
  3.743344e+00   2.742940e-02   7.578950e-03
  3.748490e+00   6.965570e-02   7.783940e-03
  3.753637e+00   4.459296e-02   7.845482e-03
  3.758783e+00   3.783832e-02   7.933630e-03
  3.763930e+00   5.653894e-02   8.077372e-03
  3.769077e+00   6.317635e-02   8.080275e-03
  3.774223e+00   4.775855e-02   8.183505e-03
  3.779370e+00   3.832338e-02   8.201136e-03
  3.784516e+00   4.726873e-02   8.147281e-03
  3.789663e+00   5.687413e-02   8.199378e-03
  3.794809e+00   5.978909e-02   8.294387e-03
  3.799956e+00   6.777299e-02   8.232472e-03
  3.805103e+00   4.413689e-02   8.284192e-03
  3.810249e+00   4.727585e-02   8.300723e-03
  3.815396e+00   5.503812e-02   8.033761e-03
  3.820542e+00   4.489248e-02   7.960647e-03
  3.825689e+00   6.462370e-02   7.987968e-03
  3.830835e+00   5.471041e-02   7.848727e-03
  3.835982e+00   4.945160e-02   7.859572e-03
  3.841129e+00   4.340240e-02   7.879245e-03
  3.846275e+00   5.830196e-02   7.853001e-03
  3.851422e+00   5.693613e-02   7.843065e-03
  3.856568e+00   4.985654e-02   7.930539e-03
  3.861715e+00   4.994513e-02   7.790297e-03
  3.866861e+00   5.532047e-02   7.882818e-03
  3.872008e+00   5.319701e-02   7.914734e-03
  3.877155e+00   3.763346e-02   7.816653e-03
  3.882301e+00   5.620337e-02   7.850064e-03
  3.887448e+00   5.640645e-02   7.900819e-03
  3.892594e+00   4.116145e-02   7.818134e-03
  3.897741e+00   5.220981e-02   7.850745e-03
  3.902887e+00   3.628729e-02   7.887625e-03
  3.908034e+00   5.256145e-02   7.813531e-03
  3.913181e+00   5.190448e-02   7.851588e-03
  3.918327e+00   4.484289e-02   7.890312e-03
  3.923474e+00   5.917537e-02   7.820650e-03
  3.928620e+00   5.706916e-02   7.874375e-03
  3.933767e+00   5.861262e-02   7.892769e-03
  3.938913e+00   4.857016e-02   7.835917e-03
  3.944060e+00   3.327519e-02   7.834663e-03
  3.949207e+00   5.205085e-02   7.928978e-03
  3.954353e+00   4.931328e-02   7.853151e-03
  3.959500e+00   5.164487e-02   7.921684e-03
  3.964646e+00   5.102448e-02   7.943333e-03
  3.969793e+00   4.457638e-02   7.865914e-03
  3.974939e+00   5.871032e-02   7.923756e-03
  3.980086e+00   4.500182e-02   7.930087e-03
  3.985233e+00   4.485100e-02   7.883020e-03
  3.990379e+00   5.318656e-02   7.934458e-03
  3.995526e+00   5.459087e-02   7.954423e-03
  4.000672e+00   5.981766e-02   7.930249e-03
  4.005819e+00   4.748642e-02   7.979294e-03
  4.010965e+00   6.292054e-02   7.992284e-03
  4.016112e+00   5.361942e-02   7.945451e-03
  4.021259e+00   2.499073e-02   7.954726e-03
  4.026405e+00   4.246658e-02   7.966995e-03
  4.031552e+00   4.968776e-02   7.973785e-03
  4.036698e+00   4.641407e-02   7.976642e-03
  4.041845e+00   5.273862e-02   7.985812e-03
  4.046991e+00   4.852214e-02   7.973562e-03
  4.052138e+00   4.389872e-02   8.032001e-03
  4.057285e+00   4.891507e-02   7.986080e-03
  4.062431e+00   4.817934e-02   7.997784e-03
  4.067578e+00   4.469915e-02   8.021472e-03
  4.072724e+00   5.602618e-02   8.050321e-03
  4.077871e+00   4.332657e-02   7.984181e-03
  4.083017e+00   3.654211e-02   8.054648e-03
  4.088164e+00   4.186975e-02   8.025487e-03
  4.093311e+00   4.254533e-02   8.023145e-03
  4.098457e+00   5.655022e-02   8.081902e-03
  4.103604e+00   4.011222e-02   8.038330e-03
  4.108750e+00   4.620357e-02   8.026649e-03
  4.113897e+00   6.257827e-02   8.109293e-03
  4.119043e+00   4.125496e-02   8.044893e-03
  4.124190e+00   4.128516e-02   8.050323e-03
  4.129336e+00   3.178401e-02   8.067251e-03
  4.134483e+00   3.985842e-02   8.052061e-03
  4.139630e+00   4.361546e-02   8.083601e-03
  4.144776e+00   6.721465e-02   8.130037e-03
  4.149923e+00   4.085780e-02   8.088027e-03
  4.155069e+00   6.187288e-02   8.071009e-03
  4.160216e+00   4.141288e-02   8.125880e-03
  4.165362e+00   4.218248e-02   8.102104e-03
  4.170509e+00   5.558789e-02   8.104921e-03
  4.175656e+00   4.402760e-02   8.133205e-03
  4.180802e+00   5.502653e-02   8.134549e-03
  4.185949e+00   5.168603e-02   8.185359e-03
  4.191095e+00   4.347152e-02   8.233760e-03
  4.196242e+00   5.847411e-02   8.245582e-03
  4.201388e+00   3.713170e-02   8.247894e-03
  4.206535e+00   5.038807e-02   8.326748e-03
  4.211682e+00   3.732657e-02   8.337120e-03
  4.216828e+00   3.981828e-02   8.349929e-03
  4.221975e+00   5.347385e-02   8.406886e-03
  4.227121e+00   4.602871e-02   8.411622e-03
  4.232268e+00   5.059439e-02   8.435857e-03
  4.237414e+00   3.883354e-02   8.441375e-03
  4.242561e+00   4.780446e-02   8.511619e-03
  4.247708e+00   5.538402e-02   8.517601e-03
  4.252854e+00   5.235851e-02   8.551476e-03
  4.258001e+00   5.786643e-02   8.538522e-03
  4.263147e+00   4.438432e-02   8.563384e-03
  4.268294e+00   6.286540e-02   8.601896e-03
  4.273440e+00   4.248061e-02   8.624453e-03
  4.278587e+00   4.955938e-02   8.624346e-03
  4.283734e+00   4.304592e-02   8.665608e-03
  4.288880e+00   4.400318e-02   8.660225e-03
  4.294027e+00   5.019209e-02   8.674145e-03
  4.299173e+00   4.486999e-02   8.716457e-03
  4.304320e+00   5.667279e-02   8.709284e-03
  4.309466e+00   3.001267e-02   8.681571e-03
  4.314613e+00   3.397783e-02   8.682544e-03
  4.319760e+00   5.553618e-02   8.710023e-03
  4.324906e+00   5.789682e-02   8.759741e-03
  4.330053e+00   5.619311e-02   8.762531e-03
  4.335199e+00   5.156106e-02   8.770447e-03
  4.340346e+00   5.027699e-02   8.729528e-03
  4.345492e+00   3.662235e-02   8.739274e-03
  4.350639e+00   6.073707e-02   8.768714e-03
  4.355786e+00   5.866191e-02   8.847845e-03
  4.360932e+00   3.414593e-02   8.796916e-03
  4.366079e+00   6.259454e-02   8.830147e-03
  4.371225e+00   5.196119e-02   8.839001e-03
  4.376372e+00   4.679666e-02   8.885478e-03
  4.381518e+00   4.279768e-02   8.846020e-03
  4.386665e+00   5.953781e-02   8.887579e-03
  4.391812e+00   4.547815e-02   8.835181e-03
  4.396958e+00   3.935427e-02   8.861930e-03
  4.402105e+00   4.872341e-02   8.879803e-03
  4.407251e+00   5.431481e-02   8.937369e-03
  4.412398e+00   4.489251e-02   8.894637e-03
  4.417544e+00   4.626414e-02   8.962848e-03
  4.422691e+00   4.053547e-02   8.975131e-03
  4.427838e+00   5.893947e-02   9.008655e-03
  4.432984e+00   5.723052e-02   9.020484e-03
  4.438131e+00   6.008104e-02   9.103837e-03
  4.443277e+00   3.658833e-02   9.045277e-03
  4.448424e+00   4.119625e-02   9.126358e-03
  4.453570e+00   4.392963e-02   9.130350e-03
  4.458717e+00   4.476780e-02   9.215926e-03
  4.463864e+00   4.636900e-02   9.203819e-03
  4.469010e+00   4.101300e-02   9.305217e-03
  4.474157e+00   5.416364e-02   9.267111e-03
  4.479303e+00   3.798764e-02   9.259045e-03
  4.484450e+00   4.675185e-02   9.342264e-03
  4.489596e+00   4.481481e-02   9.348897e-03
  4.494743e+00   5.202412e-02   9.378268e-03
  4.499890e+00   5.031254e-02   9.431576e-03
  4.505036e+00   5.026562e-02   9.453486e-03
  4.510183e+00   4.281275e-02   9.459475e-03
  4.515329e+00   5.206714e-02   9.560844e-03
  4.520476e+00   4.542067e-02   9.524340e-03
  4.525622e+00   5.049391e-02   9.522546e-03
  4.530769e+00   4.547077e-02   9.573794e-03
  4.535916e+00   6.914158e-02   9.633627e-03
  4.541062e+00   5.815149e-02   9.621710e-03
  4.546209e+00   5.617023e-02   9.667406e-03
  4.551355e+00   5.503850e-02   9.660028e-03
  4.556502e+00   2.740260e-02   9.665160e-03
  4.561648e+00   3.831325e-02   9.720736e-03
  4.566795e+00   4.912981e-02   9.731125e-03
  4.571942e+00   5.975137e-02   9.768149e-03
  4.577088e+00   5.213673e-02   9.772552e-03
  4.582235e+00   4.645090e-02   9.830472e-03
  4.587381e+00   4.790656e-02   9.904849e-03
  4.592528e+00   5.878336e-02   9.878669e-03
  4.597674e+00   5.838724e-02   9.994607e-03
  4.602821e+00   6.772245e-02   1.002382e-02
  4.607968e+00   6.306872e-02   1.012523e-02
  4.613114e+00   4.257396e-02   1.010329e-02
  4.618261e+00   4.454379e-02   1.006311e-02
  4.623407e+00   6.099575e-02   1.008263e-02
  4.628554e+00   4.426064e-02   1.008241e-02
  4.633700e+00   4.939531e-02   1.010307e-02
  4.638847e+00   6.495296e-02   1.013183e-02
  4.643994e+00   5.867627e-02   1.016471e-02
  4.649140e+00   3.797137e-02   1.015340e-02
  4.654287e+00   5.916890e-02   1.016229e-02
  4.659433e+00   4.227770e-02   1.019384e-02
  4.664580e+00   3.574459e-02   1.014108e-02
  4.669726e+00   5.826193e-02   1.020545e-02
  4.674873e+00   4.660154e-02   1.018553e-02
  4.680020e+00   6.539213e-02   1.025046e-02
  4.685166e+00   4.534630e-02   1.029041e-02
  4.690313e+00   5.995595e-02   1.029768e-02
  4.695459e+00   5.336724e-02   1.037133e-02
  4.700606e+00   4.954378e-02   1.039710e-02
  4.705752e+00   4.044903e-02   1.040939e-02
  4.710899e+00   6.404055e-02   1.044955e-02
  4.716046e+00   4.158262e-02   1.046827e-02
  4.721192e+00   5.021917e-02   1.051642e-02
  4.726339e+00   5.535555e-02   1.053984e-02
  4.731485e+00   5.647783e-02   1.060287e-02
  4.736632e+00   5.499407e-02   1.062259e-02
  4.741778e+00   4.230469e-02   1.065157e-02
  4.746925e+00   6.050645e-02   1.075162e-02
  4.752072e+00   4.388258e-02   1.076199e-02
  4.757218e+00   4.710178e-02   1.074399e-02
  4.762365e+00   6.292342e-02   1.081847e-02
  4.767511e+00   4.856132e-02   1.078879e-02
  4.772658e+00   6.587021e-02   1.085623e-02
  4.777804e+00   6.350466e-02   1.094611e-02
  4.782951e+00   5.856912e-02   1.095202e-02
  4.788098e+00   4.864069e-02   1.094681e-02
  4.793244e+00   6.517224e-02   1.103641e-02
  4.798391e+00   6.666836e-02   1.114189e-02
  4.803537e+00   4.979572e-02   1.103083e-02
  4.808684e+00   4.500191e-02   1.106263e-02
  4.813830e+00   4.114493e-02   1.115602e-02
  4.818977e+00   6.084432e-02   1.114909e-02
  4.824124e+00   3.749891e-02   1.119346e-02
  4.829270e+00   5.505957e-02   1.124660e-02
  4.834417e+00   5.920233e-02   1.132587e-02
  4.839563e+00   5.628543e-02   1.137384e-02
  4.844710e+00   5.567161e-02   1.142646e-02
  4.849856e+00   5.255248e-02   1.134494e-02
  4.855003e+00   4.375186e-02   1.140853e-02
  4.860150e+00   6.442113e-02   1.150561e-02
  4.865296e+00   4.426250e-02   1.148130e-02
  4.870443e+00   5.253607e-02   1.155150e-02
  4.875589e+00   6.390848e-02   1.159778e-02
  4.880736e+00   5.269249e-02   1.161039e-02
  4.885882e+00   6.236940e-02   1.170262e-02
  4.891029e+00   2.902726e-02   1.173852e-02
  4.896176e+00   6.936970e-02   1.178514e-02
  4.901322e+00   4.957297e-02   1.174270e-02
  4.906469e+00   6.592461e-02   1.181888e-02
  4.911615e+00   6.673766e-02   1.184856e-02
  4.916762e+00   6.733184e-02   1.189560e-02
  4.921908e+00   5.916241e-02   1.195687e-02
  4.927055e+00   7.056189e-02   1.195311e-02
  4.932201e+00   5.604964e-02   1.203877e-02
  4.937348e+00   6.307456e-02   1.211433e-02
  4.942495e+00   5.392820e-02   1.211286e-02
  4.947641e+00   4.824975e-02   1.208293e-02
  4.952788e+00   5.106298e-02   1.209611e-02
  4.957934e+00   5.605649e-02   1.213334e-02
  4.963081e+00   3.965601e-02   1.212003e-02
  4.968227e+00   5.646408e-02   1.211832e-02
  4.973374e+00   5.178404e-02   1.215010e-02
  4.978521e+00   6.267340e-02   1.224164e-02
  4.983667e+00   6.455555e-02   1.227775e-02
  4.988814e+00   6.211863e-02   1.239552e-02
  4.993960e+00   5.786394e-02   1.227933e-02
  4.999107e+00   4.448022e-02   1.227638e-02
  5.004253e+00   6.028014e-02   1.240919e-02
  5.009400e+00   5.783961e-02   1.258434e-02
  5.014547e+00   5.012908e-02   1.269323e-02
  5.019693e+00   4.822118e-02   1.266498e-02
  5.024840e+00   4.760986e-02   1.298346e-02
  5.029986e+00   6.402661e-02   1.302355e-02
  5.035133e+00   6.347726e-02   1.336027e-02
  5.040279e+00   4.602017e-02   1.332696e-02
  5.045426e+00   5.956353e-02   1.349443e-02
  5.050573e+00   3.425369e-02   1.353338e-02
  5.055719e+00   5.532574e-02   1.377317e-02
  5.060866e+00   4.358489e-02   1.394428e-02
  5.066012e+00   6.777969e-02   1.406105e-02
  5.071159e+00   5.948489e-02   1.429812e-02
  5.076305e+00   4.047948e-02   1.441118e-02
  5.081452e+00   4.562762e-02   1.468502e-02
  5.086599e+00   5.077303e-02   1.474782e-02
  5.091745e+00   6.022400e-02   1.521888e-02
  5.096892e+00   6.185533e-02   1.577578e-02
  5.102038e+00   7.671296e-02   1.622432e-02
  5.107185e+00   3.443254e-02   1.663878e-02
  5.112331e+00   1.751860e-02   1.699880e-02
  5.117478e+00   8.179402e-02   1.729541e-02
  5.122625e+00   2.974732e-02   1.760159e-02
  5.127771e+00   3.602384e-02   1.805895e-02
  5.132918e+00   4.838004e-02   1.866567e-02
  5.138064e+00   3.954354e-02   1.834130e-02
  5.143211e+00   4.975450e-02   1.850302e-02
  5.148357e+00   3.739118e-02   1.859393e-02
  5.153504e+00   8.976372e-02   1.888781e-02
  5.158651e+00   6.355957e-02   1.917694e-02
  5.163797e+00   3.633655e-02   2.209067e-02
  5.168944e+00   1.090413e-01   2.829342e-02
  5.174090e+00   2.337483e-02   3.164012e-02
  5.179237e+00   2.737838e-02   5.616800e-02
range-from: 28
range-to: 1000
